1.000000000000000000e+00,1.000000000000000000e+00,1.800000000000000000e+01,1.000000000000000000e+00
2.000000000000000000e+00,2.000000000000000000e+00,3.000000000000000000e+00,1.000000000000000000e+00
3.000000000000000000e+00,2.000000000000000000e+00,2.500000000000000000e+02,9.996450621178541995e-01
4.000000000000000000e+00,3.000000000000000000e+00,9.300000000000000000e+01,9.991803340597927852e-01
5.000000000000000000e+00,3.000000000000000000e+00,2.500000000000000000e+02,9.979321358081439941e-01
6.000000000000000000e+00,4.000000000000000000e+00,1.580000000000000000e+02,9.971440787742206213e-01
7.000000000000000000e+00,5.000000000000000000e+00,4.400000000000000000e+01,9.969247306576956014e-01
8.000000000000000000e+00,6.000000000000000000e+00,6.400000000000000000e+01,9.966057649836977950e-01
9.000000000000000000e+00,7.000000000000000000e+00,1.140000000000000000e+02,9.960378601461453707e-01
1.000000000000000000e+01,8.000000000000000000e+00,9.900000000000000000e+01,9.955449421803349574e-01
1.100000000000000000e+01,9.000000000000000000e+00,1.750000000000000000e+02,9.946742191759803120e-01
1.200000000000000000e+01,1.000000000000000000e+01,1.250000000000000000e+02,9.940527404676210432e-01
1.300000000000000000e+01,1.000000000000000000e+01,2.500000000000000000e+02,9.928109477197035737e-01
1.400000000000000000e+01,1.100000000000000000e+01,1.130000000000000000e+02,9.922501665678772342e-01
1.500000000000000000e+01,1.200000000000000000e+01,5.600000000000000000e+01,9.919723747194293395e-01
1.600000000000000000e+01,1.300000000000000000e+01,1.950000000000000000e+02,9.910056705821567169e-01
1.700000000000000000e+01,1.400000000000000000e+01,9.000000000000000000e+00,9.909610762188748589e-01
1.800000000000000000e+01,1.500000000000000000e+01,1.120000000000000000e+02,9.904062919833110934e-01
1.900000000000000000e+01,1.600000000000000000e+01,1.450000000000000000e+02,9.896885058560636050e-01
2.000000000000000000e+01,1.700000000000000000e+01,1.300000000000000000e+02,9.890454157464538820e-01
2.100000000000000000e+01,1.800000000000000000e+01,3.000000000000000000e+00,9.890305801393959317e-01
2.200000000000000000e+01,1.900000000000000000e+01,7.400000000000000000e+01,9.886647056010187118e-01
2.300000000000000000e+01,1.900000000000000000e+01,2.500000000000000000e+02,9.874296437058519560e-01
2.400000000000000000e+01,2.000000000000000000e+01,2.030000000000000000e+02,9.864279085797220681e-01
2.500000000000000000e+01,2.100000000000000000e+01,1.000000000000000000e+00,9.864229764401791778e-01
2.600000000000000000e+01,2.200000000000000000e+01,1.800000000000000000e+01,9.863342021452662367e-01
2.700000000000000000e+01,2.200000000000000000e+01,2.500000000000000000e+02,9.851020515667460176e-01
2.800000000000000000e+01,2.300000000000000000e+01,5.400000000000000000e+01,9.848361092517932125e-01
2.900000000000000000e+01,2.400000000000000000e+01,1.560000000000000000e+02,9.840682346768989675e-01
3.000000000000000000e+01,2.500000000000000000e+01,8.000000000000000000e+01,9.836746851143108872e-01
3.100000000000000000e+01,2.600000000000000000e+01,2.300000000000000000e+01,9.835615687470465884e-01
3.200000000000000000e+01,2.700000000000000000e+01,9.000000000000000000e+00,9.835173093616477180e-01
3.300000000000000000e+01,2.800000000000000000e+01,1.000000000000000000e+01,9.834681346026215021e-01
3.400000000000000000e+01,2.800000000000000000e+01,2.500000000000000000e+02,9.822395643792923847e-01
3.500000000000000000e+01,2.900000000000000000e+01,5.200000000000000000e+01,9.819842146510806558e-01
3.600000000000000000e+01,3.000000000000000000e+01,5.000000000000000000e+00,9.819596652912090384e-01
3.700000000000000000e+01,3.100000000000000000e+01,1.130000000000000000e+02,9.814050133976000012e-01
3.800000000000000000e+01,3.200000000000000000e+01,9.800000000000000000e+01,9.809242415378270907e-01
3.900000000000000000e+01,3.300000000000000000e+01,2.000000000000000000e+00,9.809144323199348037e-01
4.000000000000000000e+01,3.400000000000000000e+01,1.480000000000000000e+02,9.801888223347934304e-01
4.100000000000000000e+01,3.500000000000000000e+01,1.200000000000000000e+01,9.801300126227375786e-01
4.200000000000000000e+01,3.600000000000000000e+01,7.000000000000000000e+00,9.800957085868594598e-01
4.300000000000000000e+01,3.700000000000000000e+01,1.230000000000000000e+02,9.794931335304580822e-01
4.400000000000000000e+01,3.700000000000000000e+01,2.500000000000000000e+02,9.782695289666991645e-01
4.500000000000000000e+01,3.800000000000000000e+01,1.290000000000000000e+02,9.776387469926097751e-01
4.600000000000000000e+01,3.900000000000000000e+01,1.500000000000000000e+01,9.775654266528309710e-01
4.700000000000000000e+01,3.900000000000000000e+01,2.500000000000000000e+02,9.763442302232921977e-01
4.800000000000000000e+01,4.000000000000000000e+01,1.440000000000000000e+02,9.756415136290653711e-01
4.900000000000000000e+01,4.100000000000000000e+01,4.100000000000000000e+01,9.754415271181208213e-01
5.000000000000000000e+01,4.100000000000000000e+01,2.500000000000000000e+02,9.742229839110239098e-01
5.100000000000000000e+01,4.200000000000000000e+01,6.500000000000000000e+01,9.739064120955267523e-01
5.200000000000000000e+01,4.200000000000000000e+01,2.500000000000000000e+02,9.726897865881906080e-01
5.300000000000000000e+01,4.300000000000000000e+01,4.700000000000000000e+01,9.724612307733108141e-01
5.400000000000000000e+01,4.400000000000000000e+01,5.500000000000000000e+01,9.721938400342802211e-01
5.500000000000000000e+01,4.500000000000000000e+01,3.300000000000000000e+01,9.720334408829692796e-01
5.600000000000000000e+01,4.600000000000000000e+01,1.970000000000000000e+02,9.710764569431959981e-01
5.700000000000000000e+01,4.700000000000000000e+01,7.800000000000000000e+01,9.706978100193170977e-01
5.800000000000000000e+01,4.800000000000000000e+01,4.000000000000000000e+00,9.706783962087208728e-01
5.900000000000000000e+01,4.900000000000000000e+01,7.300000000000000000e+01,9.703241623601271959e-01
6.000000000000000000e+01,5.000000000000000000e+01,4.400000000000000000e+01,9.701107139909666000e-01
6.100000000000000000e+01,5.000000000000000000e+01,2.500000000000000000e+02,9.688988301539537273e-01
6.200000000000000000e+01,5.100000000000000000e+01,1.960000000000000000e+02,9.679497720421803564e-01
6.300000000000000000e+01,5.200000000000000000e+01,1.640000000000000000e+02,9.671563765822061010e-01
6.400000000000000000e+01,5.300000000000000000e+01,3.400000000000000000e+01,9.669919735618305312e-01
6.500000000000000000e+01,5.400000000000000000e+01,7.400000000000000000e+01,9.666342518199088074e-01
6.600000000000000000e+01,5.500000000000000000e+01,6.300000000000000000e+01,9.663298092217028623e-01
6.700000000000000000e+01,5.600000000000000000e+01,2.170000000000000000e+02,9.652819073485013890e-01
6.800000000000000000e+01,5.700000000000000000e+01,8.300000000000000000e+01,9.648813974672215688e-01
6.900000000000000000e+01,5.800000000000000000e+01,1.910000000000000000e+02,9.639603732891165455e-01
7.000000000000000000e+01,5.900000000000000000e+01,2.900000000000000000e+01,9.638206088187464271e-01
7.100000000000000000e+01,6.000000000000000000e+01,1.440000000000000000e+02,9.631269060091135481e-01
7.200000000000000000e+01,6.100000000000000000e+01,1.280000000000000000e+02,9.625107004555589763e-01
7.300000000000000000e+01,6.200000000000000000e+01,2.200000000000000000e+02,9.614525181465631842e-01
7.400000000000000000e+01,6.300000000000000000e+01,5.900000000000000000e+01,9.611689307759327949e-01
7.500000000000000000e+01,6.400000000000000000e+01,1.460000000000000000e+02,9.604675317447570748e-01
7.600000000000000000e+01,6.500000000000000000e+01,1.130000000000000000e+02,9.599250195071745706e-01
7.700000000000000000e+01,6.600000000000000000e+01,1.790000000000000000e+02,9.590662688160893623e-01
7.800000000000000000e+01,6.700000000000000000e+01,2.300000000000000000e+01,9.589559822610564943e-01
7.900000000000000000e+01,6.800000000000000000e+01,4.500000000000000000e+01,9.587402408975060908e-01
8.000000000000000000e+01,6.900000000000000000e+01,3.500000000000000000e+01,9.585724756158243709e-01
8.100000000000000000e+01,7.000000000000000000e+01,3.000000000000000000e+00,9.585580971005828177e-01
8.200000000000000000e+01,7.100000000000000000e+01,2.020000000000000000e+02,9.575904397525789591e-01
8.300000000000000000e+01,7.200000000000000000e+01,4.600000000000000000e+01,9.573702187272699060e-01
8.400000000000000000e+01,7.300000000000000000e+01,3.100000000000000000e+01,9.572218374722573087e-01
8.500000000000000000e+01,7.400000000000000000e+01,1.690000000000000000e+02,9.564133246430827073e-01
8.600000000000000000e+01,7.500000000000000000e+01,5.000000000000000000e+00,9.563894145490685617e-01
8.700000000000000000e+01,7.500000000000000000e+01,2.500000000000000000e+02,9.551946716638834989e-01
8.800000000000000000e+01,7.600000000000000000e+01,1.990000000000000000e+02,9.542447232683981539e-01
8.900000000000000000e+01,7.700000000000000000e+01,3.900000000000000000e+01,9.540586632236528475e-01
9.000000000000000000e+01,7.800000000000000000e+01,3.200000000000000000e+01,9.539060256672720062e-01
9.100000000000000000e+01,7.900000000000000000e+01,5.800000000000000000e+01,9.536294323363141423e-01
9.200000000000000000e+01,8.000000000000000000e+01,6.600000000000000000e+01,9.533147857565651417e-01
9.300000000000000000e+01,8.100000000000000000e+01,1.100000000000000000e+01,9.532623547541363429e-01
9.400000000000000000e+01,8.200000000000000000e+01,2.100000000000000000e+01,9.531622672113554406e-01
9.500000000000000000e+01,8.300000000000000000e+01,1.050000000000000000e+02,9.526619871053829680e-01
9.600000000000000000e+01,8.400000000000000000e+01,1.100000000000000000e+01,9.526095920059824973e-01
9.700000000000000000e+01,8.500000000000000000e+01,1.100000000000000000e+01,9.525571997882403830e-01
9.800000000000000000e+01,8.600000000000000000e+01,1.440000000000000000e+02,9.518716037345942294e-01
9.900000000000000000e+01,8.700000000000000000e+01,6.100000000000000000e+01,9.515813264392971593e-01
1.000000000000000000e+02,8.800000000000000000e+01,2.140000000000000000e+02,9.505636764157286978e-01
1.010000000000000000e+02,8.900000000000000000e+01,5.000000000000000000e+00,9.505399125614578670e-01
1.020000000000000000e+02,9.000000000000000000e+01,2.500000000000000000e+01,9.504211022011631593e-01
1.030000000000000000e+02,9.100000000000000000e+01,2.900000000000000000e+01,9.502833007876833049e-01
1.040000000000000000e+02,9.200000000000000000e+01,1.200000000000000000e+01,9.502262853575769164e-01
1.050000000000000000e+02,9.300000000000000000e+01,3.300000000000000000e+01,9.500695105628310655e-01
1.060000000000000000e+02,9.400000000000000000e+01,3.500000000000000000e+01,9.499032625299878019e-01
1.070000000000000000e+02,9.500000000000000000e+01,7.600000000000000000e+01,9.495423669624846186e-01
1.080000000000000000e+02,9.600000000000000000e+01,2.300000000000000000e+01,9.494331755959283248e-01
1.090000000000000000e+02,9.600000000000000000e+01,2.500000000000000000e+02,9.482471225988470254e-01
1.100000000000000000e+02,9.700000000000000000e+01,1.400000000000000000e+02,9.475835802210927916e-01
1.110000000000000000e+02,9.800000000000000000e+01,4.400000000000000000e+01,9.473751342422255250e-01
1.120000000000000000e+02,9.900000000000000000e+01,7.900000000000000000e+01,9.470009940264031423e-01
1.130000000000000000e+02,1.000000000000000000e+02,1.300000000000000000e+01,9.469394408084090831e-01
1.140000000000000000e+02,1.010000000000000000e+02,1.180000000000000000e+02,9.463809099248121637e-01
1.150000000000000000e+02,1.020000000000000000e+02,8.200000000000000000e+01,9.459929723145398262e-01
1.160000000000000000e+02,1.030000000000000000e+02,8.400000000000000000e+01,9.455957376981862783e-01
1.170000000000000000e+02,1.040000000000000000e+02,8.000000000000000000e+00,9.455579145305886835e-01
1.180000000000000000e+02,1.050000000000000000e+02,1.000000000000000000e+00,9.455531867410159608e-01
1.190000000000000000e+02,1.060000000000000000e+02,2.300000000000000000e+01,9.454444541049545903e-01
1.200000000000000000e+02,1.070000000000000000e+02,5.400000000000000000e+01,9.451892179226890622e-01
1.210000000000000000e+02,1.080000000000000000e+02,5.300000000000000000e+01,9.449387753389384415e-01
1.220000000000000000e+02,1.090000000000000000e+02,8.700000000000000000e+01,9.445278153345426642e-01
1.230000000000000000e+02,1.100000000000000000e+02,2.100000000000000000e+01,9.444286448725459637e-01
1.240000000000000000e+02,1.110000000000000000e+02,7.100000000000000000e+01,9.440934313694968605e-01
1.250000000000000000e+02,1.120000000000000000e+02,1.340000000000000000e+02,9.434610990446261614e-01
1.260000000000000000e+02,1.130000000000000000e+02,3.000000000000000000e+01,9.433195901394292315e-01
1.270000000000000000e+02,1.140000000000000000e+02,1.570000000000000000e+02,9.425793729838662927e-01
1.280000000000000000e+02,1.150000000000000000e+02,7.000000000000000000e+01,9.422495271051002375e-01
1.290000000000000000e+02,1.160000000000000000e+02,2.800000000000000000e+01,9.421176210751771585e-01
1.300000000000000000e+02,1.170000000000000000e+02,1.800000000000000000e+01,9.420328340927838218e-01
1.310000000000000000e+02,1.180000000000000000e+02,2.400000000000000000e+01,9.419197966524800458e-01
1.320000000000000000e+02,1.190000000000000000e+02,7.300000000000000000e+01,9.415760578035081707e-01
1.330000000000000000e+02,1.200000000000000000e+02,9.300000000000000000e+01,9.411383256229148841e-01
1.340000000000000000e+02,1.210000000000000000e+02,9.000000000000000000e+00,9.410959752452761062e-01
1.350000000000000000e+02,1.220000000000000000e+02,1.900000000000000000e+01,9.410065751506985210e-01
1.360000000000000000e+02,1.230000000000000000e+02,1.140000000000000000e+02,9.404703529001620099e-01
1.370000000000000000e+02,1.240000000000000000e+02,1.500000000000000000e+01,9.403998200923752160e-01
1.380000000000000000e+02,1.250000000000000000e+02,6.000000000000000000e+01,9.401177417550155013e-01
1.390000000000000000e+02,1.260000000000000000e+02,1.060000000000000000e+02,9.396196101230950282e-01
1.400000000000000000e+02,1.270000000000000000e+02,2.000000000000000000e+00,9.396102139504842743e-01
1.410000000000000000e+02,1.280000000000000000e+02,1.800000000000000000e+01,9.395256526251415385e-01
1.420000000000000000e+02,1.290000000000000000e+02,6.000000000000000000e+01,9.392438364993437316e-01
1.430000000000000000e+02,1.300000000000000000e+02,5.500000000000000000e+01,9.389855793106524073e-01
1.440000000000000000e+02,1.310000000000000000e+02,3.600000000000000000e+01,9.388165766945604229e-01
1.450000000000000000e+02,1.320000000000000000e+02,1.080000000000000000e+02,9.383097513312416149e-01
1.460000000000000000e+02,1.330000000000000000e+02,6.800000000000000000e+01,9.379907794466494364e-01
1.470000000000000000e+02,1.340000000000000000e+02,1.150000000000000000e+02,9.374515884327575543e-01
1.480000000000000000e+02,1.350000000000000000e+02,6.300000000000000000e+01,9.371563369488196127e-01
1.490000000000000000e+02,1.360000000000000000e+02,1.420000000000000000e+02,9.364911904416662880e-01
1.500000000000000000e+02,1.370000000000000000e+02,2.000000000000000000e+00,9.364818255531741631e-01
1.510000000000000000e+02,1.380000000000000000e+02,5.200000000000000000e+01,9.362383713203145108e-01
1.520000000000000000e+02,1.390000000000000000e+02,2.030000000000000000e+02,9.352885691050774053e-01
1.530000000000000000e+02,1.400000000000000000e+02,8.000000000000000000e+01,9.349145275556252077e-01
1.540000000000000000e+02,1.410000000000000000e+02,8.300000000000000000e+01,9.345266175538041731e-01
1.550000000000000000e+02,1.420000000000000000e+02,6.700000000000000000e+01,9.342136027872846027e-01
1.560000000000000000e+02,1.430000000000000000e+02,6.400000000000000000e+01,9.339147015138909991e-01
1.570000000000000000e+02,1.440000000000000000e+02,1.200000000000000000e+01,9.338586681727333305e-01
1.580000000000000000e+02,1.450000000000000000e+02,5.800000000000000000e+01,9.335878877470690229e-01
1.590000000000000000e+02,1.460000000000000000e+02,4.900000000000000000e+01,9.333591861599036532e-01
1.600000000000000000e+02,1.470000000000000000e+02,3.200000000000000000e+01,9.332098602631923034e-01
1.610000000000000000e+02,1.480000000000000000e+02,7.900000000000000000e+01,9.328413142396518865e-01
1.620000000000000000e+02,1.490000000000000000e+02,5.700000000000000000e+01,9.325754916820485629e-01
1.630000000000000000e+02,1.500000000000000000e+02,7.800000000000000000e+01,9.322118572445279305e-01
1.640000000000000000e+02,1.510000000000000000e+02,3.700000000000000000e+01,9.320394135713586659e-01
1.650000000000000000e+02,1.520000000000000000e+02,9.000000000000000000e+01,9.316200891420092223e-01
1.660000000000000000e+02,1.530000000000000000e+02,5.000000000000000000e+00,9.315967988726844284e-01
1.670000000000000000e+02,1.540000000000000000e+02,1.100000000000000000e+02,9.310845602312430858e-01
1.680000000000000000e+02,1.550000000000000000e+02,2.600000000000000000e+01,9.309635268031719590e-01
1.690000000000000000e+02,1.560000000000000000e+02,1.300000000000000000e+01,9.309030159892750511e-01
1.700000000000000000e+02,1.570000000000000000e+02,9.000000000000000000e+00,9.308611261913581902e-01
1.710000000000000000e+02,1.580000000000000000e+02,1.270000000000000000e+02,9.302702155329349853e-01
1.720000000000000000e+02,1.590000000000000000e+02,7.800000000000000000e+01,9.299074799800655100e-01
1.730000000000000000e+02,1.600000000000000000e+02,5.500000000000000000e+01,9.296517899428355935e-01
1.740000000000000000e+02,1.610000000000000000e+02,3.800000000000000000e+01,9.294751724403952364e-01
1.750000000000000000e+02,1.620000000000000000e+02,8.000000000000000000e+01,9.291034557904103153e-01
1.760000000000000000e+02,1.630000000000000000e+02,9.000000000000000000e+00,9.290616469710828440e-01
1.770000000000000000e+02,1.640000000000000000e+02,9.000000000000000000e+00,9.290198400331147743e-01
1.780000000000000000e+02,1.650000000000000000e+02,1.100000000000000000e+01,9.289687452192957329e-01
1.790000000000000000e+02,1.660000000000000000e+02,3.000000000000000000e+00,9.289548107577899616e-01
1.800000000000000000e+02,1.670000000000000000e+02,8.200000000000000000e+01,9.285740164015677811e-01
1.810000000000000000e+02,1.680000000000000000e+02,5.100000000000000000e+01,9.283372596232636331e-01
1.820000000000000000e+02,1.690000000000000000e+02,2.100000000000000000e+02,9.273630146331669488e-01
1.830000000000000000e+02,1.700000000000000000e+02,4.100000000000000000e+01,9.271729242248720748e-01
1.840000000000000000e+02,1.710000000000000000e+02,1.000000000000000000e+01,9.271265666217161083e-01
1.850000000000000000e+02,1.720000000000000000e+02,3.000000000000000000e+01,9.269875077187529344e-01
1.860000000000000000e+02,1.730000000000000000e+02,1.790000000000000000e+02,9.261582229864001592e-01
1.870000000000000000e+02,1.740000000000000000e+02,1.000000000000000000e+00,9.261535921952851469e-01
1.880000000000000000e+02,1.750000000000000000e+02,3.900000000000000000e+01,9.259730094007434520e-01
1.890000000000000000e+02,1.760000000000000000e+02,5.200000000000000000e+01,9.257322871117451557e-01
1.900000000000000000e+02,1.770000000000000000e+02,4.000000000000000000e+01,9.255471587049580728e-01
1.910000000000000000e+02,1.780000000000000000e+02,5.000000000000000000e+01,9.253158002578946162e-01
1.920000000000000000e+02,1.790000000000000000e+02,3.700000000000000000e+01,9.251446322404551781e-01
1.930000000000000000e+02,1.800000000000000000e+02,3.400000000000000000e+01,9.249873706274346352e-01
1.940000000000000000e+02,1.810000000000000000e+02,1.600000000000000000e+01,9.249133744126813994e-01
1.950000000000000000e+02,1.820000000000000000e+02,5.000000000000000000e+00,9.248902518095480918e-01
1.960000000000000000e+02,1.830000000000000000e+02,2.200000000000000000e+01,9.247885192229113871e-01
1.970000000000000000e+02,1.840000000000000000e+02,7.000000000000000000e+00,9.247561521102483084e-01
1.980000000000000000e+02,1.850000000000000000e+02,6.900000000000000000e+01,9.244371654686606155e-01
1.990000000000000000e+02,1.860000000000000000e+02,1.700000000000000000e+01,9.243585914526030178e-01
2.000000000000000000e+02,1.870000000000000000e+02,5.000000000000000000e+01,9.241275301109557194e-01
2.010000000000000000e+02,1.880000000000000000e+02,1.340000000000000000e+02,9.235085704930042771e-01
2.020000000000000000e+02,1.890000000000000000e+02,2.260000000000000000e+02,9.224655925943883172e-01
2.030000000000000000e+02,1.900000000000000000e+02,3.700000000000000000e+01,9.222949518179134332e-01
2.040000000000000000e+02,1.910000000000000000e+02,1.040000000000000000e+02,9.218154819172675873e-01
2.050000000000000000e+02,1.920000000000000000e+02,6.800000000000000000e+01,9.215021171450307191e-01
2.060000000000000000e+02,1.930000000000000000e+02,1.300000000000000000e+01,9.214422213043120813e-01
2.070000000000000000e+02,1.940000000000000000e+02,4.000000000000000000e+00,9.214237925981018096e-01
2.080000000000000000e+02,1.950000000000000000e+02,9.600000000000000000e+01,9.209816142035091024e-01
2.090000000000000000e+02,1.960000000000000000e+02,4.400000000000000000e+01,9.207790200280736581e-01
2.100000000000000000e+02,1.970000000000000000e+02,2.300000000000000000e+01,9.206731362644932082e-01
2.110000000000000000e+02,1.980000000000000000e+02,1.300000000000000000e+01,9.206132943059154305e-01
2.120000000000000000e+02,1.990000000000000000e+02,5.100000000000000000e+01,9.203785672580186983e-01
2.130000000000000000e+02,2.000000000000000000e+02,1.870000000000000000e+02,9.195184133318633490e-01
2.140000000000000000e+02,2.010000000000000000e+02,2.000000000000000000e+00,9.195092181707178458e-01
2.150000000000000000e+02,2.020000000000000000e+02,3.200000000000000000e+01,9.193621080971537962e-01
2.160000000000000000e+02,2.030000000000000000e+02,6.000000000000000000e+00,9.193345275786691806e-01
2.170000000000000000e+02,2.040000000000000000e+02,1.000000000000000000e+01,9.192885618865274111e-01
2.180000000000000000e+02,2.050000000000000000e+02,4.400000000000000000e+01,9.190863401425634072e-01
2.190000000000000000e+02,2.060000000000000000e+02,8.000000000000000000e+00,9.190495773323115181e-01
2.200000000000000000e+02,2.070000000000000000e+02,1.570000000000000000e+02,9.183284047084566692e-01
2.210000000000000000e+02,2.080000000000000000e+02,8.000000000000000000e+00,9.182916722150916700e-01
2.220000000000000000e+02,2.090000000000000000e+02,1.280000000000000000e+02,9.177041521025586235e-01
2.230000000000000000e+02,2.100000000000000000e+02,6.900000000000000000e+01,9.173875979874202002e-01
2.240000000000000000e+02,2.110000000000000000e+02,4.900000000000000000e+01,9.171628649949946643e-01
2.250000000000000000e+02,2.120000000000000000e+02,1.500000000000000000e+01,9.170940801876199533e-01
2.260000000000000000e+02,2.120000000000000000e+02,2.500000000000000000e+02,9.159484259063392919e-01
2.270000000000000000e+02,2.130000000000000000e+02,7.500000000000000000e+01,9.156050087828140338e-01
2.280000000000000000e+02,2.140000000000000000e+02,2.400000000000000000e+02,9.145069390007283250e-01
2.290000000000000000e+02,2.150000000000000000e+02,8.100000000000000000e+01,9.141366377557406109e-01
2.300000000000000000e+02,2.160000000000000000e+02,1.080000000000000000e+02,9.136431359950610842e-01
2.310000000000000000e+02,2.170000000000000000e+02,1.190000000000000000e+02,9.130996786650849018e-01
2.320000000000000000e+02,2.180000000000000000e+02,1.600000000000000000e+01,9.130266334300263242e-01
2.330000000000000000e+02,2.190000000000000000e+02,1.010000000000000000e+02,9.125656702307372026e-01
2.340000000000000000e+02,2.200000000000000000e+02,3.000000000000000000e+00,9.125519818141260009e-01
2.350000000000000000e+02,2.210000000000000000e+02,3.500000000000000000e+01,9.123922987907717719e-01
2.360000000000000000e+02,2.220000000000000000e+02,1.080000000000000000e+02,9.118997387212081085e-01
2.370000000000000000e+02,2.230000000000000000e+02,9.600000000000000000e+01,9.114621307869047451e-01
2.380000000000000000e+02,2.240000000000000000e+02,1.300000000000000000e+01,9.114028875257218498e-01
2.390000000000000000e+02,2.250000000000000000e+02,1.030000000000000000e+02,9.109336347084822094e-01
2.400000000000000000e+02,2.260000000000000000e+02,6.000000000000000000e+00,9.109063070410383656e-01
2.410000000000000000e+02,2.270000000000000000e+02,1.000000000000000000e+01,9.108607627504419213e-01
2.420000000000000000e+02,2.280000000000000000e+02,6.900000000000000000e+01,9.105465692033095637e-01
2.430000000000000000e+02,2.290000000000000000e+02,5.100000000000000000e+01,9.103144088494630193e-01
2.440000000000000000e+02,2.300000000000000000e+02,8.900000000000000000e+01,9.099094080443821397e-01
2.450000000000000000e+02,2.310000000000000000e+02,5.000000000000000000e+01,9.096819585561164434e-01
2.460000000000000000e+02,2.320000000000000000e+02,1.000000000000000000e+01,9.096364754815670084e-01
2.470000000000000000e+02,2.330000000000000000e+02,1.000000000000000000e+01,9.095909946811199243e-01
2.480000000000000000e+02,2.340000000000000000e+02,3.000000000000000000e+01,9.094545659232573520e-01
2.490000000000000000e+02,2.350000000000000000e+02,3.600000000000000000e+01,9.092908784244879694e-01
2.500000000000000000e+02,2.360000000000000000e+02,3.800000000000000000e+01,9.091181291374145212e-01
2.510000000000000000e+02,2.370000000000000000e+02,9.400000000000000000e+01,9.086909429453698950e-01
2.520000000000000000e+02,2.370000000000000000e+02,2.500000000000000000e+02,9.075557860496537010e-01
2.530000000000000000e+02,2.380000000000000000e+02,8.000000000000000000e+00,9.075194844534940630e-01
2.540000000000000000e+02,2.390000000000000000e+02,1.140000000000000000e+02,9.070023444534027757e-01
2.550000000000000000e+02,2.400000000000000000e+02,2.400000000000000000e+01,9.068935104301543149e-01
2.560000000000000000e+02,2.410000000000000000e+02,1.740000000000000000e+02,9.061048542196292743e-01
2.570000000000000000e+02,2.420000000000000000e+02,3.000000000000000000e+00,9.060912627147736931e-01
2.580000000000000000e+02,2.430000000000000000e+02,1.200000000000000000e+01,9.060368987340360336e-01
2.590000000000000000e+02,2.440000000000000000e+02,1.100000000000000000e+01,9.059870679503874147e-01
2.600000000000000000e+02,2.450000000000000000e+02,5.200000000000000000e+01,9.057515413436875162e-01
2.610000000000000000e+02,2.460000000000000000e+02,4.700000000000000000e+01,9.055387142075699280e-01
2.620000000000000000e+02,2.470000000000000000e+02,2.300000000000000000e+01,9.054345829827673553e-01
2.630000000000000000e+02,2.480000000000000000e+02,1.700000000000000000e+01,9.053576241216140241e-01
2.640000000000000000e+02,2.490000000000000000e+02,1.100000000000000000e+01,9.053078306971350520e-01
2.650000000000000000e+02,2.500000000000000000e+02,3.000000000000000000e+00,9.052942511475724485e-01
2.660000000000000000e+02,2.510000000000000000e+02,7.000000000000000000e+00,9.052625663240576603e-01
2.670000000000000000e+02,2.520000000000000000e+02,4.600000000000000000e+01,9.050543793557530581e-01
2.680000000000000000e+02,2.530000000000000000e+02,4.000000000000000000e+00,9.050362784039236441e-01
2.690000000000000000e+02,2.540000000000000000e+02,2.900000000000000000e+01,9.049050573292590771e-01
2.700000000000000000e+02,2.550000000000000000e+02,1.580000000000000000e+02,9.041904628494614737e-01
2.710000000000000000e+02,2.560000000000000000e+02,4.800000000000000000e+01,9.039734826345925400e-01
2.720000000000000000e+02,2.570000000000000000e+02,3.800000000000000000e+01,9.038017435592715643e-01
2.730000000000000000e+02,2.580000000000000000e+02,2.700000000000000000e+01,9.036797382544202728e-01
2.740000000000000000e+02,2.590000000000000000e+02,1.540000000000000000e+02,9.029841709448213072e-01
2.750000000000000000e+02,2.600000000000000000e+02,2.700000000000000000e+01,9.028622760050988294e-01
2.760000000000000000e+02,2.610000000000000000e+02,2.600000000000000000e+01,9.027449112446800372e-01
2.770000000000000000e+02,2.620000000000000000e+02,1.670000000000000000e+02,9.019914319814573700e-01
2.780000000000000000e+02,2.630000000000000000e+02,1.000000000000000000e+01,9.019463334245848563e-01
2.790000000000000000e+02,2.640000000000000000e+02,4.000000000000000000e+00,9.019282946332077833e-01
2.800000000000000000e+02,2.650000000000000000e+02,1.900000000000000000e+01,9.018426153008515245e-01
2.810000000000000000e+02,2.660000000000000000e+02,1.040000000000000000e+02,9.013737778770921638e-01
2.820000000000000000e+02,2.670000000000000000e+02,4.000000000000000000e+00,9.013557505367401079e-01
2.830000000000000000e+02,2.680000000000000000e+02,2.000000000000000000e+00,9.013467370017685942e-01
2.840000000000000000e+02,2.690000000000000000e+02,2.800000000000000000e+01,9.012205569759452750e-01
2.850000000000000000e+02,2.700000000000000000e+02,1.100000000000000000e+01,9.011709910844709626e-01
2.860000000000000000e+02,2.710000000000000000e+02,4.800000000000000000e+01,9.009547354576831202e-01
2.870000000000000000e+02,2.720000000000000000e+02,1.230000000000000000e+02,9.004008172578815694e-01
2.880000000000000000e+02,2.730000000000000000e+02,6.100000000000000000e+01,9.001262361979034399e-01
2.890000000000000000e+02,2.740000000000000000e+02,3.800000000000000000e+01,8.999552280317942854e-01
2.900000000000000000e+02,2.750000000000000000e+02,3.000000000000000000e+00,8.999417287708701974e-01
2.910000000000000000e+02,2.760000000000000000e+02,1.600000000000000000e+01,8.998697361323302335e-01
2.920000000000000000e+02,2.770000000000000000e+02,1.800000000000000000e+01,8.997887512979876323e-01
2.930000000000000000e+02,2.780000000000000000e+02,2.500000000000000000e+01,8.996762844522315783e-01
2.940000000000000000e+02,2.790000000000000000e+02,4.700000000000000000e+01,8.994648848373122396e-01
2.950000000000000000e+02,2.800000000000000000e+02,1.800000000000000000e+01,8.993839364380378232e-01
2.960000000000000000e+02,2.810000000000000000e+02,1.470000000000000000e+02,8.987231304686772448e-01
2.970000000000000000e+02,2.820000000000000000e+02,7.000000000000000000e+00,8.986916756309363263e-01
2.980000000000000000e+02,2.830000000000000000e+02,1.360000000000000000e+02,8.980807714951887233e-01
2.990000000000000000e+02,2.840000000000000000e+02,5.600000000000000000e+01,8.978293434521664729e-01
3.000000000000000000e+02,2.850000000000000000e+02,7.300000000000000000e+01,8.975016947222118624e-01
3.010000000000000000e+02,2.860000000000000000e+02,2.100000000000000000e+01,8.974074617560001688e-01
3.020000000000000000e+02,2.870000000000000000e+02,9.000000000000000000e+00,8.973670792278780617e-01
3.030000000000000000e+02,2.880000000000000000e+02,1.010000000000000000e+02,8.969140221267676294e-01
3.040000000000000000e+02,2.890000000000000000e+02,2.300000000000000000e+01,8.968108826870052619e-01
3.050000000000000000e+02,2.900000000000000000e+02,1.180000000000000000e+02,8.962819190034374550e-01
3.060000000000000000e+02,2.910000000000000000e+02,6.000000000000000000e+00,8.962550308819706713e-01
3.070000000000000000e+02,2.920000000000000000e+02,8.900000000000000000e+01,8.958562851238718316e-01
3.080000000000000000e+02,2.930000000000000000e+02,9.000000000000000000e+00,8.958159723973022626e-01
3.090000000000000000e+02,2.940000000000000000e+02,3.900000000000000000e+01,8.956413048766512786e-01
3.100000000000000000e+02,2.950000000000000000e+02,3.000000000000000000e+01,8.955069684205636538e-01
3.110000000000000000e+02,2.960000000000000000e+02,7.100000000000000000e+01,8.951891190737454318e-01
3.120000000000000000e+02,2.970000000000000000e+02,1.420000000000000000e+02,8.945537587903881205e-01
3.130000000000000000e+02,2.980000000000000000e+02,4.000000000000000000e+01,8.943748654813221677e-01
3.140000000000000000e+02,2.990000000000000000e+02,3.000000000000000000e+00,8.943614499254178840e-01
3.150000000000000000e+02,3.000000000000000000e+02,4.100000000000000000e+01,8.941781241614000786e-01
3.160000000000000000e+02,3.010000000000000000e+02,1.000000000000000000e+00,8.941736532707792451e-01
3.170000000000000000e+02,3.020000000000000000e+02,2.000000000000000000e+00,8.941647115566008219e-01
3.180000000000000000e+02,3.030000000000000000e+02,3.500000000000000000e+01,8.940082460320459834e-01
3.190000000000000000e+02,3.040000000000000000e+02,2.000000000000000000e+01,8.939188494538539143e-01
3.200000000000000000e+02,3.050000000000000000e+02,4.000000000000000000e+00,8.939009712109521333e-01
3.210000000000000000e+02,3.060000000000000000e+02,1.800000000000000000e+01,8.938205235426227580e-01
3.220000000000000000e+02,3.070000000000000000e+02,8.400000000000000000e+01,8.934451968085462825e-01
3.230000000000000000e+02,3.080000000000000000e+02,3.800000000000000000e+01,8.932754579225087310e-01
3.240000000000000000e+02,3.090000000000000000e+02,9.300000000000000000e+01,8.928601803558942063e-01
3.250000000000000000e+02,3.100000000000000000e+02,1.240000000000000000e+02,8.923067772332565761e-01
3.260000000000000000e+02,3.110000000000000000e+02,2.500000000000000000e+01,8.921952455781460012e-01
3.270000000000000000e+02,3.120000000000000000e+02,2.000000000000000000e+01,8.921060302913875750e-01
3.280000000000000000e+02,3.130000000000000000e+02,8.800000000000000000e+01,8.917135890003681231e-01
3.290000000000000000e+02,3.140000000000000000e+02,6.300000000000000000e+01,8.914327427533215165e-01
3.300000000000000000e+02,3.150000000000000000e+02,1.830000000000000000e+02,8.906174528075025965e-01
3.310000000000000000e+02,3.160000000000000000e+02,6.200000000000000000e+01,8.903414034968603064e-01
3.320000000000000000e+02,3.170000000000000000e+02,3.300000000000000000e+01,8.901945089171813263e-01
3.330000000000000000e+02,3.180000000000000000e+02,2.900000000000000000e+01,8.900654397484550895e-01
3.340000000000000000e+02,3.190000000000000000e+02,7.700000000000000000e+01,8.897228296542989412e-01
3.350000000000000000e+02,3.200000000000000000e+02,5.100000000000000000e+01,8.894959786903349208e-01
3.360000000000000000e+02,3.210000000000000000e+02,8.000000000000000000e+00,8.894603994738280450e-01
3.370000000000000000e+02,3.220000000000000000e+02,4.900000000000000000e+01,8.892425078240426828e-01
3.380000000000000000e+02,3.230000000000000000e+02,5.000000000000000000e+01,8.890202244279585830e-01
3.390000000000000000e+02,3.240000000000000000e+02,1.800000000000000000e+01,8.889402160081711912e-01
3.400000000000000000e+02,3.250000000000000000e+02,8.500000000000000000e+01,8.885624957433061466e-01
3.410000000000000000e+02,3.260000000000000000e+02,2.600000000000000000e+01,8.884469898381401887e-01
3.420000000000000000e+02,3.270000000000000000e+02,5.000000000000000000e+00,8.884247788855046402e-01
3.430000000000000000e+02,3.280000000000000000e+02,7.800000000000000000e+01,8.880783599117796356e-01
3.440000000000000000e+02,3.290000000000000000e+02,2.000000000000000000e+01,8.879895562940335330e-01
3.450000000000000000e+02,3.300000000000000000e+02,6.100000000000000000e+01,8.877187601008895701e-01
3.460000000000000000e+02,3.310000000000000000e+02,4.800000000000000000e+01,8.875057326302139282e-01
3.470000000000000000e+02,3.320000000000000000e+02,3.200000000000000000e+01,8.873637427175130599e-01
3.480000000000000000e+02,3.330000000000000000e+02,4.600000000000000000e+01,8.871596720155399129e-01
3.490000000000000000e+02,3.340000000000000000e+02,7.000000000000000000e+00,8.871286218927740830e-01
3.500000000000000000e+02,3.350000000000000000e+02,1.410000000000000000e+02,8.865034150626199816e-01
3.510000000000000000e+02,3.360000000000000000e+02,5.400000000000000000e+01,8.862640908524627159e-01
3.520000000000000000e+02,3.370000000000000000e+02,6.500000000000000000e+01,8.859761011038286282e-01
3.530000000000000000e+02,3.380000000000000000e+02,2.500000000000000000e+01,8.858653607357558357e-01
3.540000000000000000e+02,3.390000000000000000e+02,5.700000000000000000e+01,8.856129244507325859e-01
3.550000000000000000e+02,3.400000000000000000e+02,2.700000000000000000e+01,8.854933744768604953e-01
3.560000000000000000e+02,3.410000000000000000e+02,1.300000000000000000e+01,8.854358191341995532e-01
3.570000000000000000e+02,3.420000000000000000e+02,1.000000000000000000e+00,8.854313919551038969e-01
3.580000000000000000e+02,3.430000000000000000e+02,6.800000000000000000e+01,8.851303957016088964e-01
3.590000000000000000e+02,3.440000000000000000e+02,4.900000000000000000e+01,8.849135647754557965e-01
3.600000000000000000e+02,3.450000000000000000e+02,2.900000000000000000e+01,8.847852612900309888e-01
3.610000000000000000e+02,3.460000000000000000e+02,2.600000000000000000e+01,8.846702463946559680e-01
3.620000000000000000e+02,3.470000000000000000e+02,2.400000000000000000e+01,8.845640920690889253e-01
3.630000000000000000e+02,3.480000000000000000e+02,5.400000000000000000e+01,8.843252914067669668e-01
3.640000000000000000e+02,3.490000000000000000e+02,5.000000000000000000e+00,8.843031834955619175e-01
3.650000000000000000e+02,3.500000000000000000e+02,4.800000000000000000e+01,8.840909756669597108e-01
3.660000000000000000e+02,3.510000000000000000e+02,1.010000000000000000e+02,8.836446213223159152e-01
3.670000000000000000e+02,3.520000000000000000e+02,2.200000000000000000e+01,8.835474255168473956e-01
3.680000000000000000e+02,3.530000000000000000e+02,1.700000000000000000e+01,8.834723269896641584e-01
3.690000000000000000e+02,3.540000000000000000e+02,8.100000000000000000e+01,8.831145922490682976e-01
3.700000000000000000e+02,3.550000000000000000e+02,2.800000000000000000e+01,8.829909645512238336e-01
3.710000000000000000e+02,3.560000000000000000e+02,6.300000000000000000e+01,8.827128655050393569e-01
3.720000000000000000e+02,3.570000000000000000e+02,1.500000000000000000e+01,8.826466643571969639e-01
3.730000000000000000e+02,3.580000000000000000e+02,2.200000000000000000e+01,8.825495783212315981e-01
3.740000000000000000e+02,3.590000000000000000e+02,2.000000000000000000e+00,8.825407528475121000e-01
3.750000000000000000e+02,3.600000000000000000e+02,2.100000000000000000e+01,8.824480907016547526e-01
3.760000000000000000e+02,3.610000000000000000e+02,1.190000000000000000e+02,8.819231889491849774e-01
3.770000000000000000e+02,3.620000000000000000e+02,1.170000000000000000e+02,8.814074134732422516e-01
3.780000000000000000e+02,3.630000000000000000e+02,8.000000000000000000e+00,8.813721577936821650e-01
3.790000000000000000e+02,3.640000000000000000e+02,1.510000000000000000e+02,8.807069712910792214e-01
3.800000000000000000e+02,3.650000000000000000e+02,1.440000000000000000e+02,8.800730889120786937e-01
3.810000000000000000e+02,3.660000000000000000e+02,3.200000000000000000e+01,8.799322881302126254e-01
3.820000000000000000e+02,3.670000000000000000e+02,1.700000000000000000e+01,8.798574968774161009e-01
3.830000000000000000e+02,3.680000000000000000e+02,3.200000000000000000e+01,8.797167305876023580e-01
3.840000000000000000e+02,3.690000000000000000e+02,2.700000000000000000e+01,8.795979765481649615e-01
3.850000000000000000e+02,3.700000000000000000e+02,5.500000000000000000e+01,8.793561197568030563e-01
3.860000000000000000e+02,3.710000000000000000e+02,3.000000000000000000e+00,8.793429294809582686e-01
3.870000000000000000e+02,3.720000000000000000e+02,7.700000000000000000e+01,8.790044467690020236e-01
3.880000000000000000e+02,3.730000000000000000e+02,5.500000000000000000e+01,8.787627531762965960e-01
3.890000000000000000e+02,3.740000000000000000e+02,7.000000000000000000e+01,8.784552392619716654e-01
3.900000000000000000e+02,3.750000000000000000e+02,8.000000000000000000e+00,8.784201016673135465e-01
3.910000000000000000e+02,3.760000000000000000e+02,1.260000000000000000e+02,8.778668699064824388e-01
3.920000000000000000e+02,3.770000000000000000e+02,6.700000000000000000e+01,8.775728330238966590e-01
3.930000000000000000e+02,3.780000000000000000e+02,3.000000000000000000e+00,8.775596694972190859e-01
3.940000000000000000e+02,3.790000000000000000e+02,3.800000000000000000e+01,8.773929485821999608e-01
3.950000000000000000e+02,3.800000000000000000e+02,5.600000000000000000e+01,8.771473123331839927e-01
3.960000000000000000e+02,3.810000000000000000e+02,1.100000000000000000e+01,8.770990704370646984e-01
3.970000000000000000e+02,3.820000000000000000e+02,3.800000000000000000e+01,8.769324370277719050e-01
3.980000000000000000e+02,3.830000000000000000e+02,5.900000000000000000e+01,8.766737794660685035e-01
3.990000000000000000e+02,3.840000000000000000e+02,8.600000000000000000e+01,8.762968898357488268e-01
4.000000000000000000e+02,3.850000000000000000e+02,5.600000000000000000e+01,8.760515604409878643e-01
4.010000000000000000e+02,3.860000000000000000e+02,5.800000000000000000e+01,8.757975416879106856e-01
4.020000000000000000e+02,3.870000000000000000e+02,2.000000000000000000e+01,8.757099660936549235e-01
4.030000000000000000e+02,3.880000000000000000e+02,7.400000000000000000e+01,8.753860125314186780e-01
4.040000000000000000e+02,3.890000000000000000e+02,3.000000000000000000e+01,8.752547141489167570e-01
4.050000000000000000e+02,3.900000000000000000e+02,4.400000000000000000e+01,8.750621788101278220e-01
4.060000000000000000e+02,3.910000000000000000e+02,1.180000000000000000e+02,8.745460431092900722e-01
4.070000000000000000e+02,3.920000000000000000e+02,6.100000000000000000e+01,8.742793465726873547e-01
4.080000000000000000e+02,3.930000000000000000e+02,8.000000000000000000e+00,8.742443760108137285e-01
4.090000000000000000e+02,3.940000000000000000e+02,8.200000000000000000e+01,8.738860083911091925e-01
4.100000000000000000e+02,3.950000000000000000e+02,2.700000000000000000e+01,8.737680414480057944e-01
4.110000000000000000e+02,3.960000000000000000e+02,1.460000000000000000e+02,8.731304219431292868e-01
4.120000000000000000e+02,3.970000000000000000e+02,1.600000000000000000e+01,8.730605741287035260e-01
4.130000000000000000e+02,3.980000000000000000e+02,1.110000000000000000e+02,8.725761587367248939e-01
4.140000000000000000e+02,3.990000000000000000e+02,2.800000000000000000e+01,8.724540063199882622e-01
4.150000000000000000e+02,4.000000000000000000e+02,3.300000000000000000e+01,8.723100629247425575e-01
4.160000000000000000e+02,4.010000000000000000e+02,1.290000000000000000e+02,8.717476029408461891e-01
4.170000000000000000e+02,4.020000000000000000e+02,1.700000000000000000e+01,8.716735073584633842e-01
4.180000000000000000e+02,4.030000000000000000e+02,1.900000000000000000e+01,8.715907021015623091e-01
4.190000000000000000e+02,4.040000000000000000e+02,7.600000000000000000e+01,8.712595597279405579e-01
4.200000000000000000e+02,4.050000000000000000e+02,3.100000000000000000e+01,8.711245246240847395e-01
4.210000000000000000e+02,4.060000000000000000e+02,3.200000000000000000e+01,8.709851555015480917e-01
4.220000000000000000e+02,4.070000000000000000e+02,7.000000000000000000e+00,8.709546714783686916e-01
4.230000000000000000e+02,4.080000000000000000e+02,1.230000000000000000e+02,8.704191976917867724e-01
4.240000000000000000e+02,4.090000000000000000e+02,8.000000000000000000e+00,8.703843815331662181e-01
4.250000000000000000e+02,4.100000000000000000e+02,1.000000000000000000e+00,8.703800296112584878e-01
4.260000000000000000e+02,4.110000000000000000e+02,1.600000000000000000e+01,8.703104018199683267e-01
4.270000000000000000e+02,4.120000000000000000e+02,9.000000000000000000e+00,8.702712386351563190e-01
4.280000000000000000e+02,4.130000000000000000e+02,7.100000000000000000e+01,8.699623464048228394e-01
4.290000000000000000e+02,4.140000000000000000e+02,2.000000000000000000e+01,8.698753543023789447e-01
4.300000000000000000e+02,4.150000000000000000e+02,9.000000000000000000e+00,8.698362106943137162e-01
4.310000000000000000e+02,4.160000000000000000e+02,4.100000000000000000e+01,8.696579121016034808e-01
4.320000000000000000e+02,4.170000000000000000e+02,6.700000000000000000e+01,8.693666247661814284e-01
4.330000000000000000e+02,4.180000000000000000e+02,1.150000000000000000e+02,8.688668813975655159e-01
4.340000000000000000e+02,4.190000000000000000e+02,6.000000000000000000e+00,8.688408157169463797e-01
4.350000000000000000e+02,4.200000000000000000e+02,3.000000000000000000e+01,8.687104990427907403e-01
4.360000000000000000e+02,4.210000000000000000e+02,2.500000000000000000e+01,8.686019167454885892e-01
4.370000000000000000e+02,4.220000000000000000e+02,2.000000000000000000e+01,8.685150606795489781e-01
4.380000000000000000e+02,4.230000000000000000e+02,5.200000000000000000e+01,8.682892755526462336e-01
4.390000000000000000e+02,4.240000000000000000e+02,3.300000000000000000e+01,8.681460192830051659e-01
4.400000000000000000e+02,4.250000000000000000e+02,8.100000000000000000e+01,8.677944904557627348e-01
4.410000000000000000e+02,4.260000000000000000e+02,5.400000000000000000e+01,8.675602169859956136e-01
4.420000000000000000e+02,4.270000000000000000e+02,7.500000000000000000e+01,8.672349420842918599e-01
4.430000000000000000e+02,4.280000000000000000e+02,1.480000000000000000e+02,8.665934240143094991e-01
4.440000000000000000e+02,4.290000000000000000e+02,3.800000000000000000e+01,8.664287864932115335e-01
4.450000000000000000e+02,4.300000000000000000e+02,3.200000000000000000e+01,8.662901686305517490e-01
4.460000000000000000e+02,4.310000000000000000e+02,9.100000000000000000e+01,8.658960952771243003e-01
4.470000000000000000e+02,4.320000000000000000e+02,3.000000000000000000e+00,8.658831069006370784e-01
4.480000000000000000e+02,4.330000000000000000e+02,5.000000000000000000e+00,8.658614600394340943e-01
4.490000000000000000e+02,4.340000000000000000e+02,5.200000000000000000e+01,8.656363647607382417e-01
4.500000000000000000e+02,4.350000000000000000e+02,3.900000000000000000e+01,8.654675817045334174e-01
4.510000000000000000e+02,4.360000000000000000e+02,7.000000000000000000e+01,8.651647202976182616e-01
4.520000000000000000e+02,4.370000000000000000e+02,2.400000000000000000e+01,8.650609065005993026e-01
4.530000000000000000e+02,4.380000000000000000e+02,2.200000000000000000e+01,8.649657547964437754e-01
4.540000000000000000e+02,4.390000000000000000e+02,7.000000000000000000e+01,8.646630689986525287e-01
4.550000000000000000e+02,4.400000000000000000e+02,8.800000000000000000e+01,8.642826999846872083e-01
4.560000000000000000e+02,4.410000000000000000e+02,3.600000000000000000e+01,8.641271427103701663e-01
4.570000000000000000e+02,4.420000000000000000e+02,4.900000000000000000e+01,8.639154569637527148e-01
4.580000000000000000e+02,4.430000000000000000e+02,1.200000000000000000e+01,8.638636234617713683e-01
4.590000000000000000e+02,4.440000000000000000e+02,2.500000000000000000e+01,8.637556469875670162e-01
4.600000000000000000e+02,4.450000000000000000e+02,2.000000000000000000e+00,8.637470094526910058e-01
4.610000000000000000e+02,4.460000000000000000e+02,1.360000000000000000e+02,8.631598596719340932e-01
4.620000000000000000e+02,4.470000000000000000e+02,7.300000000000000000e+01,8.628448630260441288e-01
4.630000000000000000e+02,4.480000000000000000e+02,1.700000000000000000e+01,8.627715241462856621e-01
4.640000000000000000e+02,4.490000000000000000e+02,4.000000000000000000e+00,8.627542688452178865e-01
4.650000000000000000e+02,4.500000000000000000e+02,9.000000000000000000e+00,8.627154456795893545e-01
4.660000000000000000e+02,4.510000000000000000e+02,1.500000000000000000e+01,8.626507442857419550e-01
4.670000000000000000e+02,4.520000000000000000e+02,5.000000000000000000e+00,8.626291782327962787e-01
4.680000000000000000e+02,4.530000000000000000e+02,2.600000000000000000e+01,8.625170434482071213e-01
4.690000000000000000e+02,4.540000000000000000e+02,1.300000000000000000e+01,8.624609815222600284e-01
4.700000000000000000e+02,4.550000000000000000e+02,3.600000000000000000e+01,8.623057521285758531e-01
4.710000000000000000e+02,4.560000000000000000e+02,1.700000000000000000e+01,8.622324590714105508e-01
4.720000000000000000e+02,4.570000000000000000e+02,2.700000000000000000e+01,8.621160652552094517e-01
4.730000000000000000e+02,4.580000000000000000e+02,1.000000000000000000e+00,8.621117546748831018e-01
4.740000000000000000e+02,4.590000000000000000e+02,1.000000000000000000e+00,8.621074441161097335e-01
4.750000000000000000e+02,4.600000000000000000e+02,1.100000000000000000e+01,8.620600293920630541e-01
4.760000000000000000e+02,4.610000000000000000e+02,1.800000000000000000e+01,8.619824472867086973e-01
4.770000000000000000e+02,4.620000000000000000e+02,5.200000000000000000e+01,8.617583604227496696e-01
4.780000000000000000e+02,4.630000000000000000e+02,1.100000000000000000e+01,8.617109648978262815e-01
4.790000000000000000e+02,4.640000000000000000e+02,5.200000000000000000e+01,8.614869486102897378e-01
4.800000000000000000e+02,4.650000000000000000e+02,6.000000000000000000e+00,8.614611043248867617e-01
4.810000000000000000e+02,4.660000000000000000e+02,5.300000000000000000e+01,8.612328468070519216e-01
4.820000000000000000e+02,4.670000000000000000e+02,2.500000000000000000e+01,8.611251991601990285e-01
4.830000000000000000e+02,4.680000000000000000e+02,3.000000000000000000e+01,8.609960397446236868e-01
4.840000000000000000e+02,4.690000000000000000e+02,2.600000000000000000e+01,8.608841172547690990e-01
4.850000000000000000e+02,4.700000000000000000e+02,1.300000000000000000e+01,8.608281614658406244e-01
4.860000000000000000e+02,4.710000000000000000e+02,1.400000000000000000e+01,8.607679054528826201e-01
4.870000000000000000e+02,4.720000000000000000e+02,1.020000000000000000e+02,8.603290246480140846e-01
4.880000000000000000e+02,4.730000000000000000e+02,3.200000000000000000e+01,8.601913826716158784e-01
4.890000000000000000e+02,4.740000000000000000e+02,3.500000000000000000e+01,8.600408619742906380e-01
4.900000000000000000e+02,4.750000000000000000e+02,3.000000000000000000e+00,8.600279614258640182e-01
4.910000000000000000e+02,4.760000000000000000e+02,1.410000000000000000e+02,8.594218538758003900e-01
4.920000000000000000e+02,4.770000000000000000e+02,2.000000000000000000e+01,8.593359157725434239e-01
4.930000000000000000e+02,4.780000000000000000e+02,2.800000000000000000e+01,8.592156168647070436e-01
4.940000000000000000e+02,4.790000000000000000e+02,5.200000000000000000e+01,8.589922492849447755e-01
4.950000000000000000e+02,4.800000000000000000e+02,2.200000000000000000e+01,8.588977650980377243e-01
4.960000000000000000e+02,4.810000000000000000e+02,9.100000000000000000e+01,8.585070545315325319e-01
4.970000000000000000e+02,4.820000000000000000e+02,1.000000000000000000e+01,8.584641301446134243e-01
4.980000000000000000e+02,4.830000000000000000e+02,2.000000000000000000e+01,8.583782878091804625e-01
4.990000000000000000e+02,4.840000000000000000e+02,6.200000000000000000e+01,8.581122311157334259e-01
5.000000000000000000e+02,4.850000000000000000e+02,4.700000000000000000e+01,8.579105979301633322e-01
5.010000000000000000e+02,4.860000000000000000e+02,2.300000000000000000e+01,8.578119436374953555e-01
5.020000000000000000e+02,4.870000000000000000e+02,5.400000000000000000e+01,8.575803650982748438e-01
5.030000000000000000e+02,4.880000000000000000e+02,1.060000000000000000e+02,8.571259667949604477e-01
5.040000000000000000e+02,4.890000000000000000e+02,7.600000000000000000e+01,8.568003199902700651e-01
5.050000000000000000e+02,4.900000000000000000e+02,1.630000000000000000e+02,8.561023104619682744e-01
5.060000000000000000e+02,4.910000000000000000e+02,2.800000000000000000e+01,8.559824642283189178e-01
5.070000000000000000e+02,4.920000000000000000e+02,2.300000000000000000e+01,8.558840316588316455e-01
5.080000000000000000e+02,4.930000000000000000e+02,1.800000000000000000e+01,8.558070053696507085e-01
5.090000000000000000e+02,4.940000000000000000e+02,6.300000000000000000e+01,8.555374679434875063e-01
5.100000000000000000e+02,4.950000000000000000e+02,8.900000000000000000e+01,8.551568375152245327e-01
5.110000000000000000e+02,4.960000000000000000e+02,1.200000000000000000e+01,8.551055295159585290e-01
5.120000000000000000e+02,4.970000000000000000e+02,2.500000000000000000e+01,8.549986477378138661e-01
5.130000000000000000e+02,4.980000000000000000e+02,6.000000000000000000e+00,8.549729980990038447e-01
5.140000000000000000e+02,4.990000000000000000e+02,4.000000000000000000e+00,8.549558987672872812e-01
5.150000000000000000e+02,5.000000000000000000e+02,6.000000000000000000e+00,8.549302504109306255e-01
5.160000000000000000e+02,5.010000000000000000e+02,3.500000000000000000e+01,8.547806503334961503e-01
5.170000000000000000e+02,5.020000000000000000e+02,1.800000000000000000e+01,8.547037233444144677e-01
5.180000000000000000e+02,5.030000000000000000e+02,4.200000000000000000e+01,8.545242539587823982e-01
5.190000000000000000e+02,5.040000000000000000e+02,3.300000000000000000e+01,8.543832687360158884e-01
5.200000000000000000e+02,5.050000000000000000e+02,1.100000000000000000e+01,8.543362788309945000e-01
5.210000000000000000e+02,5.060000000000000000e+02,1.500000000000000000e+01,8.542722058526658335e-01
5.220000000000000000e+02,5.070000000000000000e+02,1.200000000000000000e+01,8.542209509298398507e-01
5.230000000000000000e+02,5.080000000000000000e+02,1.000000000000000000e+00,8.542166798250852011e-01
5.240000000000000000e+02,5.090000000000000000e+02,5.600000000000000000e+01,8.539775320391151947e-01
5.250000000000000000e+02,5.100000000000000000e+02,2.300000000000000000e+01,8.538793300241488415e-01
5.260000000000000000e+02,5.110000000000000000e+02,2.000000000000000000e+01,8.537939461469513658e-01
5.270000000000000000e+02,5.120000000000000000e+02,1.600000000000000000e+01,8.537256451925813172e-01
5.280000000000000000e+02,5.130000000000000000e+02,3.400000000000000000e+01,8.535805238057614375e-01
5.290000000000000000e+02,5.140000000000000000e+02,4.000000000000000000e+00,8.535634523233218696e-01
5.300000000000000000e+02,5.150000000000000000e+02,3.700000000000000000e+01,8.534055572956438240e-01
5.310000000000000000e+02,5.160000000000000000e+02,5.000000000000000000e+01,8.531922320397726800e-01
5.320000000000000000e+02,5.170000000000000000e+02,1.530000000000000000e+02,8.525397879428321390e-01
5.330000000000000000e+02,5.180000000000000000e+02,4.200000000000000000e+01,8.523607729370586972e-01
5.340000000000000000e+02,5.190000000000000000e+02,4.800000000000000000e+01,8.521562303862837418e-01
5.350000000000000000e+02,5.200000000000000000e+02,1.120000000000000000e+02,8.516791552980672586e-01
5.360000000000000000e+02,5.210000000000000000e+02,7.000000000000000000e+00,8.516493469747594691e-01
5.370000000000000000e+02,5.220000000000000000e+02,9.000000000000000000e+00,8.516110235206207912e-01
5.380000000000000000e+02,5.230000000000000000e+02,5.800000000000000000e+01,8.513640915133394715e-01
5.390000000000000000e+02,5.240000000000000000e+02,1.080000000000000000e+02,8.509044778617391724e-01
5.400000000000000000e+02,5.250000000000000000e+02,3.100000000000000000e+01,8.507725975589561784e-01
5.410000000000000000e+02,5.260000000000000000e+02,3.700000000000000000e+01,8.506152187929441055e-01
5.420000000000000000e+02,5.270000000000000000e+02,7.100000000000000000e+01,8.503133032286644966e-01
5.430000000000000000e+02,5.280000000000000000e+02,1.800000000000000000e+01,8.502367782837350063e-01
5.440000000000000000e+02,5.290000000000000000e+02,1.000000000000000000e+00,8.502325270998435380e-01
5.450000000000000000e+02,5.300000000000000000e+02,3.600000000000000000e+01,8.500794986353678029e-01
5.460000000000000000e+02,5.310000000000000000e+02,5.100000000000000000e+01,8.498627554572857346e-01
5.470000000000000000e+02,5.320000000000000000e+02,2.800000000000000000e+01,8.497437827023763823e-01
5.480000000000000000e+02,5.330000000000000000e+02,5.000000000000000000e+00,8.497225393202435528e-01
5.490000000000000000e+02,5.340000000000000000e+02,1.600000000000000000e+01,8.496545640662054311e-01
5.500000000000000000e+02,5.350000000000000000e+02,1.200000000000000000e+01,8.496035861942677903e-01
5.510000000000000000e+02,5.360000000000000000e+02,2.000000000000000000e+00,8.495950901796458510e-01
5.520000000000000000e+02,5.370000000000000000e+02,6.200000000000000000e+01,8.493317558622799357e-01
5.530000000000000000e+02,5.380000000000000000e+02,2.900000000000000000e+01,8.492086113780086265e-01
5.540000000000000000e+02,5.390000000000000000e+02,2.100000000000000000e+01,8.491194489320174066e-01
5.550000000000000000e+02,5.400000000000000000e+02,1.400000000000000000e+01,8.490600125023001210e-01
5.560000000000000000e+02,5.410000000000000000e+02,1.000000000000000000e+01,8.490175604568546142e-01
5.570000000000000000e+02,5.420000000000000000e+02,1.900000000000000000e+01,8.489369074180578290e-01
5.580000000000000000e+02,5.430000000000000000e+02,8.700000000000000000e+01,8.485676992489062931e-01
5.590000000000000000e+02,5.440000000000000000e+02,2.300000000000000000e+01,8.484701193304947653e-01
5.600000000000000000e+02,5.450000000000000000e+02,2.300000000000000000e+01,8.483725506331566413e-01
5.610000000000000000e+02,5.460000000000000000e+02,1.600000000000000000e+01,8.483046833741637593e-01
5.620000000000000000e+02,5.470000000000000000e+02,1.500000000000000000e+01,8.482410627496618227e-01
5.630000000000000000e+02,5.480000000000000000e+02,1.030000000000000000e+02,8.478043299788513565e-01
5.640000000000000000e+02,5.490000000000000000e+02,2.300000000000000000e+01,8.477068378430779871e-01
5.650000000000000000e+02,5.500000000000000000e+02,6.100000000000000000e+01,8.474483260363089299e-01
5.660000000000000000e+02,5.510000000000000000e+02,7.300000000000000000e+01,8.471390630680706302e-01
5.670000000000000000e+02,5.520000000000000000e+02,3.100000000000000000e+01,8.470077663608097662e-01
5.680000000000000000e+02,5.530000000000000000e+02,2.500000000000000000e+01,8.469018967423289634e-01
5.690000000000000000e+02,5.540000000000000000e+02,1.800000000000000000e+01,8.468256788109349564e-01
5.700000000000000000e+02,5.550000000000000000e+02,9.100000000000000000e+01,8.464404598079939834e-01
5.710000000000000000e+02,5.560000000000000000e+02,6.200000000000000000e+01,8.461781032769235544e-01
5.720000000000000000e+02,5.570000000000000000e+02,9.700000000000000000e+01,8.457678053763694193e-01
5.730000000000000000e+02,5.580000000000000000e+02,9.100000000000000000e+01,8.453830675975579911e-01
5.740000000000000000e+02,5.590000000000000000e+02,1.300000000000000000e+01,8.453281193466305465e-01
5.750000000000000000e+02,5.600000000000000000e+02,4.600000000000000000e+01,8.451337157504404951e-01
5.760000000000000000e+02,5.610000000000000000e+02,8.000000000000000000e+00,8.450999109933978737e-01
5.770000000000000000e+02,5.620000000000000000e+02,5.500000000000000000e+01,8.448675398894359700e-01
5.780000000000000000e+02,5.630000000000000000e+02,1.000000000000000000e+00,8.448633155517365489e-01
5.790000000000000000e+02,5.640000000000000000e+02,7.000000000000000000e+00,8.448337457792415295e-01
5.800000000000000000e+02,5.650000000000000000e+02,2.800000000000000000e+01,8.447154770381648525e-01
5.810000000000000000e+02,5.660000000000000000e+02,2.200000000000000000e+01,8.446225632137593919e-01
5.820000000000000000e+02,5.670000000000000000e+02,9.200000000000000000e+01,8.442341252111724703e-01
5.830000000000000000e+02,5.680000000000000000e+02,1.000000000000000000e+01,8.441919144546623510e-01
5.840000000000000000e+02,5.690000000000000000e+02,1.000000000000000000e+01,8.441497058086425698e-01
5.850000000000000000e+02,5.700000000000000000e+02,2.000000000000000000e+00,8.441412643326882126e-01
5.860000000000000000e+02,5.710000000000000000e+02,4.200000000000000000e+01,8.439640128361066695e-01
5.870000000000000000e+02,5.720000000000000000e+02,1.600000000000000000e+01,8.438964982469122633e-01
5.880000000000000000e+02,5.730000000000000000e+02,1.400000000000000000e+01,8.438374274118608520e-01
5.890000000000000000e+02,5.740000000000000000e+02,1.400000000000000000e+01,8.437783607116333684e-01
5.900000000000000000e+02,5.750000000000000000e+02,6.900000000000000000e+01,8.434873066592611934e-01
5.910000000000000000e+02,5.760000000000000000e+02,4.100000000000000000e+01,8.433144090517609159e-01
5.920000000000000000e+02,5.770000000000000000e+02,4.800000000000000000e+01,8.431120373732307050e-01
5.930000000000000000e+02,5.780000000000000000e+02,9.000000000000000000e+00,8.430740980903405069e-01
5.940000000000000000e+02,5.790000000000000000e+02,1.900000000000000000e+01,8.429940096550611051e-01
5.950000000000000000e+02,5.800000000000000000e+02,1.030000000000000000e+02,8.425599784276406323e-01
5.960000000000000000e+02,5.810000000000000000e+02,8.500000000000000000e+01,8.422019656248835862e-01
5.970000000000000000e+02,5.820000000000000000e+02,3.000000000000000000e+01,8.420756444885578729e-01
5.980000000000000000e+02,5.830000000000000000e+02,1.800000000000000000e+01,8.419998609014069935e-01
5.990000000000000000e+02,5.840000000000000000e+02,1.600000000000000000e+01,8.419325034384749218e-01
6.000000000000000000e+02,5.850000000000000000e+02,1.900000000000000000e+01,8.418525234498072107e-01
6.010000000000000000e+02,5.860000000000000000e+02,1.700000000000000000e+01,8.417809688475403895e-01
6.020000000000000000e+02,5.870000000000000000e+02,2.100000000000000000e+01,8.416925862650208590e-01
6.030000000000000000e+02,5.880000000000000000e+02,2.000000000000000000e+00,8.416841693602004071e-01
6.040000000000000000e+02,5.890000000000000000e+02,1.100000000000000000e+01,8.416378778881836720e-01
6.050000000000000000e+02,5.900000000000000000e+02,7.000000000000000000e+00,8.416084210043135450e-01
6.060000000000000000e+02,5.910000000000000000e+02,3.500000000000000000e+01,8.414611520488731733e-01
6.070000000000000000e+02,5.920000000000000000e+02,9.000000000000000000e+01,8.410825787693908540e-01
6.080000000000000000e+02,5.930000000000000000e+02,5.700000000000000000e+01,8.408429037905585934e-01
6.090000000000000000e+02,5.940000000000000000e+02,6.000000000000000000e+00,8.408176788187586848e-01
6.100000000000000000e+02,5.950000000000000000e+02,1.600000000000000000e+01,8.407504159268470723e-01
6.110000000000000000e+02,5.960000000000000000e+02,8.000000000000000000e+00,8.407167864987291628e-01
6.120000000000000000e+02,5.970000000000000000e+02,2.700000000000000000e+01,8.406032971095335204e-01
6.130000000000000000e+02,5.980000000000000000e+02,1.000000000000000000e+01,8.405612678903437995e-01
6.140000000000000000e+02,5.990000000000000000e+02,3.100000000000000000e+01,8.404309906648721462e-01
6.150000000000000000e+02,6.000000000000000000e+02,2.700000000000000000e+01,8.403175398556061992e-01
6.160000000000000000e+02,6.010000000000000000e+02,5.500000000000000000e+01,8.400864837261773355e-01
6.170000000000000000e+02,6.020000000000000000e+02,5.000000000000000000e+01,8.398764878308349058e-01
6.180000000000000000e+02,6.030000000000000000e+02,1.300000000000000000e+01,8.398218974968546524e-01
6.190000000000000000e+02,6.040000000000000000e+02,7.000000000000000000e+00,8.397925041713449890e-01
6.200000000000000000e+02,6.050000000000000000e+02,3.700000000000000000e+01,8.396371565398017545e-01
6.210000000000000000e+02,6.060000000000000000e+02,2.700000000000000000e+01,8.395238128911773900e-01
6.220000000000000000e+02,6.070000000000000000e+02,5.900000000000000000e+01,8.392761892735929319e-01
6.230000000000000000e+02,6.080000000000000000e+02,1.400000000000000000e+01,8.392174418496585186e-01
6.240000000000000000e+02,6.090000000000000000e+02,5.400000000000000000e+01,8.389908831607598705e-01
6.250000000000000000e+02,6.100000000000000000e+02,2.200000000000000000e+01,8.388985990086226252e-01
6.260000000000000000e+02,6.110000000000000000e+02,2.600000000000000000e+01,8.387895490065291337e-01
6.270000000000000000e+02,6.120000000000000000e+02,3.000000000000000000e+00,8.387769672262030962e-01
6.280000000000000000e+02,6.130000000000000000e+02,1.500000000000000000e+01,8.387140611554025904e-01
6.290000000000000000e+02,6.140000000000000000e+02,6.000000000000000000e+00,8.386889000480833856e-01
6.300000000000000000e+02,6.150000000000000000e+02,6.100000000000000000e+01,8.384331382998115867e-01
6.310000000000000000e+02,6.160000000000000000e+02,9.100000000000000000e+01,8.380517370437451374e-01
6.320000000000000000e+02,6.170000000000000000e+02,7.000000000000000000e+00,8.380224056729219662e-01
6.330000000000000000e+02,6.180000000000000000e+02,3.300000000000000000e+01,8.378841430373091814e-01
6.340000000000000000e+02,6.190000000000000000e+02,6.900000000000000000e+01,8.375951221443774797e-01
6.350000000000000000e+02,6.200000000000000000e+02,3.800000000000000000e+01,8.374359937910200724e-01
6.360000000000000000e+02,6.210000000000000000e+02,2.900000000000000000e+01,8.373145740715126628e-01
6.370000000000000000e+02,6.220000000000000000e+02,3.800000000000000000e+01,8.371554990173584176e-01
6.380000000000000000e+02,6.230000000000000000e+02,3.000000000000000000e+00,8.371429417476595747e-01
6.390000000000000000e+02,6.240000000000000000e+02,1.400000000000000000e+01,8.370843436461988807e-01
6.400000000000000000e+02,6.250000000000000000e+02,4.400000000000000000e+01,8.369002048862543841e-01
6.410000000000000000e+02,6.260000000000000000e+02,2.300000000000000000e+01,8.368039666559002887e-01
6.420000000000000000e+02,6.270000000000000000e+02,1.500000000000000000e+01,8.367412085549633671e-01
6.430000000000000000e+02,6.280000000000000000e+02,1.500000000000000000e+01,8.366784551607194809e-01
6.440000000000000000e+02,6.290000000000000000e+02,4.000000000000000000e+00,8.366617217171175014e-01
6.450000000000000000e+02,6.300000000000000000e+02,1.400000000000000000e+01,8.366031572999643728e-01
6.460000000000000000e+02,6.310000000000000000e+02,7.800000000000000000e+01,8.362769448686422358e-01
6.470000000000000000e+02,6.320000000000000000e+02,2.800000000000000000e+01,8.361598739988350681e-01
6.480000000000000000e+02,6.330000000000000000e+02,3.700000000000000000e+01,8.360051983433939293e-01
6.490000000000000000e+02,6.340000000000000000e+02,6.100000000000000000e+01,8.357502550013746756e-01
6.500000000000000000e+02,6.350000000000000000e+02,2.000000000000000000e+00,8.357418975197183908e-01
6.510000000000000000e+02,6.360000000000000000e+02,4.700000000000000000e+01,8.355455207580306798e-01
6.520000000000000000e+02,6.370000000000000000e+02,2.000000000000000000e+01,8.354619701746767158e-01
6.530000000000000000e+02,6.380000000000000000e+02,2.000000000000000000e+01,8.353784279459840478e-01
6.540000000000000000e+02,6.390000000000000000e+02,2.000000000000000000e+00,8.353700741825890175e-01
6.550000000000000000e+02,6.400000000000000000e+02,7.700000000000000000e+01,8.350485178037095890e-01
6.560000000000000000e+02,6.410000000000000000e+02,7.000000000000000000e+00,8.350192915439831332e-01
6.570000000000000000e+02,6.420000000000000000e+02,1.800000000000000000e+01,8.349441430016073529e-01
6.580000000000000000e+02,6.430000000000000000e+02,1.700000000000000000e+01,8.348731755881908523e-01
6.590000000000000000e+02,6.440000000000000000e+02,3.000000000000000000e+00,8.348606525531723221e-01
6.600000000000000000e+02,6.450000000000000000e+02,1.800000000000000000e+01,8.347855182876987579e-01
6.610000000000000000e+02,6.460000000000000000e+02,3.900000000000000000e+01,8.346227505750797304e-01
6.620000000000000000e+02,6.470000000000000000e+02,6.100000000000000000e+01,8.343682288163891680e-01
6.630000000000000000e+02,6.480000000000000000e+02,8.000000000000000000e+00,8.343348546712882063e-01
6.640000000000000000e+02,6.490000000000000000e+02,1.150000000000000000e+02,8.338552488307274801e-01
6.650000000000000000e+02,6.500000000000000000e+02,5.000000000000000000e+00,8.338344026579693757e-01
6.660000000000000000e+02,6.510000000000000000e+02,3.200000000000000000e+01,8.337009994925730361e-01
6.670000000000000000e+02,6.520000000000000000e+02,9.000000000000000000e+00,8.336634836979178731e-01
6.680000000000000000e+02,6.530000000000000000e+02,3.800000000000000000e+01,8.335051022867707715e-01
6.690000000000000000e+02,6.540000000000000000e+02,9.700000000000000000e+01,8.331009493167931268e-01
6.700000000000000000e+02,6.550000000000000000e+02,2.100000000000000000e+01,8.330134780907560987e-01
6.710000000000000000e+02,6.560000000000000000e+02,1.900000000000000000e+01,8.329343453713685674e-01
6.720000000000000000e+02,6.570000000000000000e+02,2.500000000000000000e+01,8.328302348249645437e-01
6.730000000000000000e+02,6.580000000000000000e+02,9.200000000000000000e+01,8.324472200595547378e-01
6.740000000000000000e+02,6.590000000000000000e+02,2.000000000000000000e+00,8.324388956081653079e-01
6.750000000000000000e+02,6.600000000000000000e+02,3.000000000000000000e+00,8.324264090871639210e-01
6.760000000000000000e+02,6.610000000000000000e+02,4.200000000000000000e+01,8.322516174580382176e-01
6.770000000000000000e+02,6.620000000000000000e+02,3.100000000000000000e+01,8.321226281317888329e-01
6.780000000000000000e+02,6.630000000000000000e+02,8.000000000000000000e+00,8.320893438091433447e-01
6.790000000000000000e+02,6.640000000000000000e+02,2.300000000000000000e+01,8.319936587973856268e-01
6.800000000000000000e+02,6.650000000000000000e+02,2.400000000000000000e+01,8.318938252988750115e-01
6.810000000000000000e+02,6.660000000000000000e+02,2.600000000000000000e+01,8.317856858604520953e-01
6.820000000000000000e+02,6.670000000000000000e+02,5.000000000000000000e+00,8.317648914262507631e-01
6.830000000000000000e+02,6.680000000000000000e+02,2.100000000000000000e+01,8.316775604792778775e-01
6.840000000000000000e+02,6.690000000000000000e+02,1.550000000000000000e+02,8.310332584584276816e-01
6.850000000000000000e+02,6.700000000000000000e+02,2.300000000000000000e+01,8.309376948898057336e-01
6.860000000000000000e+02,6.710000000000000000e+02,1.900000000000000000e+01,8.308587593609486621e-01
6.870000000000000000e+02,6.720000000000000000e+02,2.100000000000000000e+01,8.307715235530858111e-01
6.880000000000000000e+02,6.730000000000000000e+02,1.200000000000000000e+01,8.307216786324225222e-01
6.890000000000000000e+02,6.740000000000000000e+02,1.300000000000000000e+01,8.306676833431884122e-01
6.900000000000000000e+02,6.750000000000000000e+02,7.000000000000000000e+01,8.303769997998945440e-01
6.910000000000000000e+02,6.760000000000000000e+02,6.000000000000000000e+00,8.303520888012896339e-01
6.920000000000000000e+02,6.770000000000000000e+02,4.500000000000000000e+01,8.301652801310496210e-01
6.930000000000000000e+02,6.780000000000000000e+02,2.700000000000000000e+01,8.300532151026281946e-01
6.940000000000000000e+02,6.790000000000000000e+02,3.000000000000000000e+00,8.300407643666554147e-01
6.950000000000000000e+02,6.800000000000000000e+02,8.300000000000000000e+01,8.296963680556267429e-01
6.960000000000000000e+02,6.810000000000000000e+02,6.800000000000000000e+01,8.294143185364971638e-01
6.970000000000000000e+02,6.820000000000000000e+02,2.800000000000000000e+01,8.292982083695269457e-01
6.980000000000000000e+02,6.830000000000000000e+02,5.500000000000000000e+01,8.290701821472006294e-01
6.990000000000000000e+02,6.840000000000000000e+02,1.300000000000000000e+01,8.290162942020178338e-01
7.000000000000000000e+02,6.850000000000000000e+02,6.000000000000000000e+00,8.289914240240705556e-01
7.010000000000000000e+02,6.860000000000000000e+02,4.800000000000000000e+01,8.287924894580691593e-01
7.020000000000000000e+02,6.870000000000000000e+02,3.000000000000000000e+01,8.286681795973477316e-01
7.030000000000000000e+02,6.880000000000000000e+02,9.200000000000000000e+01,8.282870789418486090e-01
7.040000000000000000e+02,6.890000000000000000e+02,2.000000000000000000e+01,8.282042541681993164e-01
7.050000000000000000e+02,6.900000000000000000e+02,2.000000000000000000e+01,8.281214376766342644e-01
7.060000000000000000e+02,6.910000000000000000e+02,1.800000000000000000e+01,8.280469099147227396e-01
7.070000000000000000e+02,6.920000000000000000e+02,1.700000000000000000e+01,8.279765287426685827e-01
7.080000000000000000e+02,6.930000000000000000e+02,4.400000000000000000e+01,8.277943934866182074e-01
7.090000000000000000e+02,6.940000000000000000e+02,5.200000000000000000e+01,8.275791943834076569e-01
7.100000000000000000e+02,6.950000000000000000e+02,9.000000000000000000e+00,8.275419540644727290e-01
7.110000000000000000e+02,6.960000000000000000e+02,6.400000000000000000e+01,8.272771823429750926e-01
7.120000000000000000e+02,6.970000000000000000e+02,1.500000000000000000e+01,8.272151387258542821e-01
7.130000000000000000e+02,6.980000000000000000e+02,1.900000000000000000e+01,8.271365568239196220e-01
7.140000000000000000e+02,6.990000000000000000e+02,2.600000000000000000e+01,8.270290357917474688e-01
7.150000000000000000e+02,7.000000000000000000e+02,2.000000000000000000e+00,8.270207655220652709e-01
7.160000000000000000e+02,7.010000000000000000e+02,2.000000000000000000e+00,8.270124953350854735e-01
7.170000000000000000e+02,7.020000000000000000e+02,4.900000000000000000e+01,8.268099015859904366e-01
7.180000000000000000e+02,7.030000000000000000e+02,4.500000000000000000e+01,8.266238898202109553e-01
7.190000000000000000e+02,7.040000000000000000e+02,8.400000000000000000e+01,8.262767798169117217e-01
7.200000000000000000e+02,7.050000000000000000e+02,1.330000000000000000e+02,8.257274870451867255e-01
7.210000000000000000e+02,7.060000000000000000e+02,6.700000000000000000e+01,8.254509139741672552e-01
7.220000000000000000e+02,7.070000000000000000e+02,3.300000000000000000e+01,8.253147254687498435e-01
7.230000000000000000e+02,7.080000000000000000e+02,1.300000000000000000e+01,8.252610816209283717e-01
7.240000000000000000e+02,7.090000000000000000e+02,1.300000000000000000e+01,8.252074412598522368e-01
7.250000000000000000e+02,7.100000000000000000e+02,4.200000000000000000e+01,8.250341654585923168e-01
7.260000000000000000e+02,7.110000000000000000e+02,9.500000000000000000e+01,8.246423663101625223e-01
7.270000000000000000e+02,7.120000000000000000e+02,1.100000000000000000e+01,8.245970121138813669e-01
7.280000000000000000e+02,7.130000000000000000e+02,2.800000000000000000e+01,8.244815763242885343e-01
7.290000000000000000e+02,7.140000000000000000e+02,1.200000000000000000e+01,8.244321087900805534e-01
7.300000000000000000e+02,7.150000000000000000e+02,7.000000000000000000e+00,8.244032540990958724e-01
7.310000000000000000e+02,7.160000000000000000e+02,4.800000000000000000e+01,8.242054205645001907e-01
7.320000000000000000e+02,7.170000000000000000e+02,2.100000000000000000e+01,8.241188833222816701e-01
7.330000000000000000e+02,7.180000000000000000e+02,9.400000000000000000e+01,8.237316374889019910e-01
7.340000000000000000e+02,7.190000000000000000e+02,3.200000000000000000e+01,8.235998506406643216e-01
7.350000000000000000e+02,7.200000000000000000e+02,1.700000000000000000e+01,8.235298474535289737e-01
7.360000000000000000e+02,7.210000000000000000e+02,1.200000000000000000e+01,8.234804370214828806e-01
7.370000000000000000e+02,7.220000000000000000e+02,1.600000000000000000e+01,8.234145610569044704e-01
7.380000000000000000e+02,7.230000000000000000e+02,2.000000000000000000e+01,8.233322235119000521e-01
7.390000000000000000e+02,7.240000000000000000e+02,8.000000000000000000e+00,8.232992907992863207e-01
7.400000000000000000e+02,7.250000000000000000e+02,1.000000000000000000e+01,8.232581267609453413e-01
7.410000000000000000e+02,7.260000000000000000e+02,1.300000000000000000e+01,8.232046165880294586e-01
7.420000000000000000e+02,7.270000000000000000e+02,7.000000000000000000e+00,8.231758048586275134e-01
7.430000000000000000e+02,7.280000000000000000e+02,2.000000000000000000e+01,8.230934911881091498e-01
7.440000000000000000e+02,7.290000000000000000e+02,1.200000000000000000e+01,8.230441069367191442e-01
7.450000000000000000e+02,7.300000000000000000e+02,6.300000000000000000e+01,8.227848882240756945e-01
7.460000000000000000e+02,7.310000000000000000e+02,2.000000000000000000e+00,8.227766603957630265e-01
7.470000000000000000e+02,7.320000000000000000e+02,2.600000000000000000e+01,8.226697061147036916e-01
7.480000000000000000e+02,7.330000000000000000e+02,3.200000000000000000e+01,8.225380891623187418e-01
7.490000000000000000e+02,7.340000000000000000e+02,3.000000000000000000e+00,8.225257511526714582e-01
7.500000000000000000e+02,7.350000000000000000e+02,1.400000000000000000e+01,8.224681762212991964e-01
7.510000000000000000e+02,7.360000000000000000e+02,6.900000000000000000e+01,8.221844729328728896e-01
7.520000000000000000e+02,7.370000000000000000e+02,2.100000000000000000e+01,8.220981478795460484e-01
7.530000000000000000e+02,7.380000000000000000e+02,1.300000000000000000e+01,8.220447131029955390e-01
7.540000000000000000e+02,7.390000000000000000e+02,3.200000000000000000e+01,8.219131961417431853e-01
7.550000000000000000e+02,7.400000000000000000e+02,3.000000000000000000e+00,8.219008675054443325e-01
7.560000000000000000e+02,7.410000000000000000e+02,1.700000000000000000e+01,8.218310087260988217e-01
7.570000000000000000e+02,7.420000000000000000e+02,1.600000000000000000e+01,8.217652647108356634e-01
7.580000000000000000e+02,7.430000000000000000e+02,3.800000000000000000e+01,8.216091437521975127e-01
7.590000000000000000e+02,7.440000000000000000e+02,3.300000000000000000e+01,8.214735890881577074e-01
7.600000000000000000e+02,7.450000000000000000e+02,2.800000000000000000e+01,8.213585905482735372e-01
7.610000000000000000e+02,7.460000000000000000e+02,2.300000000000000000e+01,8.212641395052712179e-01
7.620000000000000000e+02,7.470000000000000000e+02,4.000000000000000000e+01,8.210999026910056342e-01
7.630000000000000000e+02,7.480000000000000000e+02,2.200000000000000000e+01,8.210095864434029389e-01
7.640000000000000000e+02,7.490000000000000000e+02,2.300000000000000000e+01,8.209151755336652201e-01
7.650000000000000000e+02,7.500000000000000000e+02,5.900000000000000000e+01,8.206730406681918000e-01
7.660000000000000000e+02,7.510000000000000000e+02,5.000000000000000000e+00,8.206525240473421245e-01
7.670000000000000000e+02,7.520000000000000000e+02,9.000000000000000000e+00,8.206155954223384175e-01
7.680000000000000000e+02,7.530000000000000000e+02,6.000000000000000000e+00,8.205909772622043130e-01
7.690000000000000000e+02,7.540000000000000000e+02,1.300000000000000000e+01,8.205376404488051723e-01
7.700000000000000000e+02,7.550000000000000000e+02,8.000000000000000000e+00,8.205048195175574932e-01
7.710000000000000000e+02,7.560000000000000000e+02,6.600000000000000000e+01,8.202340969219931166e-01
7.720000000000000000e+02,7.570000000000000000e+02,3.000000000000000000e+00,8.202217934720567039e-01
7.730000000000000000e+02,7.580000000000000000e+02,3.100000000000000000e+01,8.200946686286852971e-01
7.740000000000000000e+02,7.590000000000000000e+02,2.000000000000000000e+01,8.200126630571545894e-01
7.750000000000000000e+02,7.600000000000000000e+02,1.100000000000000000e+01,8.199675634881867792e-01
7.760000000000000000e+02,7.610000000000000000e+02,1.000000000000000000e+01,8.199265660324633886e-01
7.770000000000000000e+02,7.620000000000000000e+02,5.000000000000000000e+00,8.199060680732930262e-01
7.780000000000000000e+02,7.630000000000000000e+02,3.200000000000000000e+01,8.197748932687272116e-01
