1.000000000000000000e+00,1.000000000000000000e+00,7.600000000000000000e+01,1.000000000000000000e+00
2.000000000000000000e+00,2.000000000000000000e+00,1.500000000000000000e+01,1.000000000000000000e+00
3.000000000000000000e+00,3.000000000000000000e+00,1.650000000000000000e+02,9.997200384965336806e-01
4.000000000000000000e+00,4.000000000000000000e+00,2.100000000000000000e+01,9.996150731408548484e-01
5.000000000000000000e+00,5.000000000000000000e+00,6.600000000000000000e+01,9.992852537653574840e-01
6.000000000000000000e+00,6.000000000000000000e+00,1.600000000000000000e+01,9.992053139428415109e-01
7.000000000000000000e+00,6.000000000000000000e+00,2.500000000000000000e+02,9.979570844857683642e-01
8.000000000000000000e+00,6.000000000000000000e+00,2.500000000000000000e+02,9.967104143446405828e-01
9.000000000000000000e+00,7.000000000000000000e+00,9.100000000000000000e+01,9.962570131292057818e-01
1.000000000000000000e+01,8.000000000000000000e+00,1.340000000000000000e+02,9.955897428227420409e-01
1.100000000000000000e+01,8.000000000000000000e+00,2.500000000000000000e+02,9.943460300173666555e-01
1.200000000000000000e+01,9.000000000000000000e+00,1.010000000000000000e+02,9.938440107876804763e-01
1.300000000000000000e+01,1.000000000000000000e+01,1.200000000000000000e+02,9.932478817474761357e-01
1.400000000000000000e+01,1.100000000000000000e+01,6.800000000000000000e+01,9.929102340269250204e-01
1.500000000000000000e+01,1.100000000000000000e+01,2.500000000000000000e+02,9.916698685234115462e-01
1.600000000000000000e+01,1.200000000000000000e+01,1.000000000000000000e+01,9.916202861455986062e-01
1.700000000000000000e+01,1.300000000000000000e+01,2.000000000000000000e+00,9.916103699675276051e-01
1.800000000000000000e+01,1.400000000000000000e+01,2.100000000000000000e+01,9.915062560844700723e-01
1.900000000000000000e+01,1.500000000000000000e+01,9.800000000000000000e+01,9.910205358158675759e-01
2.000000000000000000e+01,1.600000000000000000e+01,2.000000000000000000e+01,9.909214384694916555e-01
2.100000000000000000e+01,1.700000000000000000e+01,4.700000000000000000e+01,9.906885987090928714e-01
2.200000000000000000e+01,1.800000000000000000e+01,1.500000000000000000e+01,9.906142996646905008e-01
2.300000000000000000e+01,1.900000000000000000e+01,8.000000000000000000e+00,9.905746757861267904e-01
2.400000000000000000e+01,2.000000000000000000e+01,8.600000000000000000e+01,9.901488191766266711e-01
2.500000000000000000e+01,2.100000000000000000e+01,1.340000000000000000e+02,9.894856399996574403e-01
2.600000000000000000e+01,2.200000000000000000e+01,1.180000000000000000e+02,9.889020141995291668e-01
2.700000000000000000e+01,2.300000000000000000e+01,4.800000000000000000e+01,9.886647056010187118e-01
2.800000000000000000e+01,2.400000000000000000e+01,2.300000000000000000e+02,9.875283918544186523e-01
2.900000000000000000e+01,2.400000000000000000e+01,2.500000000000000000e+02,9.862947494676072013e-01
3.000000000000000000e+01,2.500000000000000000e+01,1.420000000000000000e+02,9.855947269828122526e-01
3.100000000000000000e+01,2.600000000000000000e+01,7.300000000000000000e+01,9.852350496533728297e-01
3.200000000000000000e+01,2.700000000000000000e+01,1.790000000000000000e+02,9.843536565626854751e-01
3.300000000000000000e+01,2.800000000000000000e+01,5.100000000000000000e+01,9.841026777539709780e-01
3.400000000000000000e+01,2.900000000000000000e+01,1.950000000000000000e+02,9.831436428510541559e-01
3.500000000000000000e+01,3.000000000000000000e+01,5.500000000000000000e+01,9.828733148452520885e-01
3.600000000000000000e+01,3.100000000000000000e+01,9.400000000000000000e+01,9.824114717742868930e-01
3.700000000000000000e+01,3.200000000000000000e+01,3.900000000000000000e+01,9.822199197353400635e-01
3.800000000000000000e+01,3.300000000000000000e+01,2.380000000000000000e+02,9.810517702972394449e-01
3.900000000000000000e+01,3.400000000000000000e+01,9.000000000000000000e+00,9.810076238505122115e-01
4.000000000000000000e+01,3.500000000000000000e+01,6.600000000000000000e+01,9.806839439355622412e-01
4.100000000000000000e+01,3.600000000000000000e+01,7.400000000000000000e+01,9.803211570890414395e-01
4.200000000000000000e+01,3.700000000000000000e+01,5.800000000000000000e+01,9.800369044614748448e-01
4.300000000000000000e+01,3.800000000000000000e+01,3.500000000000000000e+01,9.798654125804404647e-01
4.400000000000000000e+01,3.900000000000000000e+01,2.000000000000000000e+00,9.798556139508112217e-01
4.500000000000000000e+01,4.000000000000000000e+01,3.800000000000000000e+01,9.796694586040884944e-01
4.600000000000000000e+01,4.100000000000000000e+01,8.700000000000000000e+01,9.792433940002002180e-01
4.700000000000000000e+01,4.200000000000000000e+01,9.900000000000000000e+01,9.787587872587124593e-01
4.800000000000000000e+01,4.300000000000000000e+01,3.100000000000000000e+01,9.786070910242071763e-01
4.900000000000000000e+01,4.400000000000000000e+01,3.600000000000000000e+01,9.784309571600100508e-01
5.000000000000000000e+01,4.500000000000000000e+01,4.500000000000000000e+01,9.782108344090784113e-01
5.100000000000000000e+01,4.600000000000000000e+01,2.100000000000000000e+01,9.781081274069091114e-01
5.200000000000000000e+01,4.700000000000000000e+01,1.790000000000000000e+02,9.772331100739950482e-01
5.300000000000000000e+01,4.800000000000000000e+01,5.000000000000000000e+00,9.772086794905501250e-01
5.400000000000000000e+01,4.900000000000000000e+01,7.800000000000000000e+01,9.768276414601959612e-01
5.500000000000000000e+01,5.000000000000000000e+01,8.300000000000000000e+01,9.764223410813805959e-01
5.600000000000000000e+01,5.000000000000000000e+01,2.500000000000000000e+02,9.752025726197099953e-01
5.700000000000000000e+01,5.100000000000000000e+01,2.040000000000000000e+02,9.742083706393317444e-01
5.800000000000000000e+01,5.200000000000000000e+01,2.500000000000000000e+01,9.740866018992835329e-01
5.900000000000000000e+01,5.300000000000000000e+01,1.630000000000000000e+02,9.732930427541078844e-01
6.000000000000000000e+01,5.400000000000000000e+01,1.330000000000000000e+02,9.726460164232044736e-01
6.100000000000000000e+01,5.500000000000000000e+01,1.100000000000000000e+01,9.725925222296689654e-01
6.200000000000000000e+01,5.500000000000000000e+01,2.500000000000000000e+02,9.713775380627160949e-01
6.300000000000000000e+01,5.600000000000000000e+01,1.300000000000000000e+02,9.707463462445544700e-01
6.400000000000000000e+01,5.700000000000000000e+01,2.080000000000000000e+02,9.697372923208069651e-01
6.500000000000000000e+01,5.800000000000000000e+01,1.460000000000000000e+02,9.690296406525618078e-01
6.600000000000000000e+01,5.900000000000000000e+01,1.640000000000000000e+02,9.682353600610670297e-01
6.700000000000000000e+01,6.000000000000000000e+01,7.300000000000000000e+01,9.678820177601787922e-01
6.800000000000000000e+01,6.100000000000000000e+01,1.310000000000000000e+02,9.672482610321355700e-01
6.900000000000000000e+01,6.200000000000000000e+01,1.030000000000000000e+02,9.667502551801988586e-01
7.000000000000000000e+01,6.200000000000000000e+01,2.500000000000000000e+02,9.655425693029229262e-01
7.100000000000000000e+01,6.200000000000000000e+01,2.500000000000000000e+02,9.643363920936508515e-01
7.200000000000000000e+01,6.300000000000000000e+01,4.000000000000000000e+01,9.641435436185993302e-01
7.300000000000000000e+01,6.400000000000000000e+01,3.600000000000000000e+01,9.639700129651469496e-01
7.400000000000000000e+01,6.500000000000000000e+01,5.900000000000000000e+01,9.636856830412209307e-01
7.500000000000000000e+01,6.600000000000000000e+01,1.140000000000000000e+02,9.631365373504086058e-01
7.600000000000000000e+01,6.700000000000000000e+01,4.000000000000000000e+01,9.629439288229106886e-01
7.700000000000000000e+01,6.800000000000000000e+01,1.800000000000000000e+01,9.628572675524783575e-01
7.800000000000000000e+01,6.900000000000000000e+01,2.100000000000000000e+01,9.627561725942251902e-01
7.900000000000000000e+01,7.000000000000000000e+01,3.900000000000000000e+01,9.625684529745263118e-01
8.000000000000000000e+01,7.100000000000000000e+01,1.680000000000000000e+02,9.617602329534029604e-01
8.100000000000000000e+01,7.200000000000000000e+01,5.900000000000000000e+01,9.614765548200658873e-01
8.200000000000000000e+01,7.200000000000000000e+01,2.500000000000000000e+02,9.602754569663373152e-01
8.300000000000000000e+01,7.300000000000000000e+01,9.900000000000000000e+01,9.598002370537165318e-01
8.400000000000000000e+01,7.400000000000000000e+01,3.700000000000000000e+01,9.596226899896020957e-01
8.500000000000000000e+01,7.500000000000000000e+01,1.500000000000000000e+01,9.595507208068073668e-01
8.600000000000000000e+01,7.600000000000000000e+01,1.100000000000000000e+01,9.594979468365253394e-01
8.700000000000000000e+01,7.700000000000000000e+01,1.590000000000000000e+02,9.587354471963015490e-01
8.800000000000000000e+01,7.700000000000000000e+01,2.500000000000000000e+02,9.575377735950593161e-01
8.900000000000000000e+01,7.800000000000000000e+01,2.900000000000000000e+01,9.573989403364581152e-01
9.000000000000000000e+01,7.900000000000000000e+01,1.940000000000000000e+02,9.564707113076112988e-01
9.100000000000000000e+01,8.000000000000000000e+01,1.480000000000000000e+02,9.557631830301659415e-01
9.200000000000000000e+01,8.100000000000000000e+01,1.160000000000000000e+02,9.552089997272390498e-01
9.300000000000000000e+01,8.100000000000000000e+01,2.500000000000000000e+02,9.540157314424503321e-01
9.400000000000000000e+01,8.200000000000000000e+01,3.600000000000000000e+01,9.538440236356858781e-01
9.500000000000000000e+01,8.300000000000000000e+01,1.480000000000000000e+02,9.531384383929641935e-01
9.600000000000000000e+01,8.400000000000000000e+01,7.000000000000000000e+01,9.528048974787362013e-01
9.700000000000000000e+01,8.500000000000000000e+01,1.510000000000000000e+02,9.520857994770430821e-01
9.800000000000000000e+01,8.600000000000000000e+01,1.830000000000000000e+02,9.512150372280894217e-01
9.900000000000000000e+01,8.700000000000000000e+01,3.600000000000000000e+01,9.510438335021751399e-01
1.000000000000000000e+02,8.800000000000000000e+01,1.220000000000000000e+02,9.504638722200057233e-01
1.010000000000000000e+02,8.900000000000000000e+01,2.060000000000000000e+02,9.494853959871851767e-01
1.020000000000000000e+02,9.000000000000000000e+01,1.100000000000000000e+01,9.494331755959283248e-01
1.030000000000000000e+02,9.100000000000000000e+01,1.500000000000000000e+01,9.493619705999659653e-01
1.040000000000000000e+02,9.100000000000000000e+01,2.500000000000000000e+02,9.481760065537461202e-01
1.050000000000000000e+02,9.200000000000000000e+01,7.800000000000000000e+01,9.478062890864855650e-01
1.060000000000000000e+02,9.300000000000000000e+01,1.430000000000000000e+02,9.471288481101896028e-01
1.070000000000000000e+02,9.400000000000000000e+01,3.300000000000000000e+01,9.469725843517051711e-01
1.080000000000000000e+02,9.500000000000000000e+01,4.500000000000000000e+01,9.467595389561163088e-01
1.090000000000000000e+02,9.600000000000000000e+01,3.800000000000000000e+01,9.465796712820138126e-01
1.100000000000000000e+02,9.700000000000000000e+01,5.400000000000000000e+01,9.463241286317188861e-01
1.110000000000000000e+02,9.800000000000000000e+01,2.000000000000000000e+00,9.463146654140905945e-01
1.120000000000000000e+02,9.900000000000000000e+01,6.500000000000000000e+01,9.460071623510247774e-01
1.130000000000000000e+02,1.000000000000000000e+02,2.170000000000000000e+02,9.449812986469046105e-01
1.140000000000000000e+02,1.010000000000000000e+02,4.000000000000000000e+01,9.447923208131419059e-01
1.150000000000000000e+02,1.020000000000000000e+02,4.500000000000000000e+01,9.445797659228911680e-01
1.160000000000000000e+02,1.030000000000000000e+02,2.400000000000000000e+01,9.444664228683410379e-01
1.170000000000000000e+02,1.030000000000000000e+02,2.500000000000000000e+02,9.432865744490127602e-01
1.180000000000000000e+02,1.040000000000000000e+02,6.800000000000000000e+01,9.429659107279596553e-01
1.190000000000000000e+02,1.050000000000000000e+02,1.150000000000000000e+02,9.424238598287277835e-01
1.200000000000000000e+02,1.060000000000000000e+02,3.500000000000000000e+01,9.422589496710406243e-01
1.210000000000000000e+02,1.070000000000000000e+02,1.300000000000000000e+01,9.421977046766829567e-01
1.220000000000000000e+02,1.080000000000000000e+02,1.100000000000000000e+02,9.416796371255738984e-01
1.230000000000000000e+02,1.090000000000000000e+02,6.000000000000000000e+00,9.416513870895875105e-01
1.240000000000000000e+02,1.100000000000000000e+02,3.500000000000000000e+01,9.414866121031397750e-01
1.250000000000000000e+02,1.110000000000000000e+02,3.300000000000000000e+01,9.413312792391229644e-01
1.260000000000000000e+02,1.120000000000000000e+02,5.000000000000000000e+01,9.410959752452761062e-01
1.270000000000000000e+02,1.130000000000000000e+02,1.600000000000000000e+01,9.410206903904779763e-01
1.280000000000000000e+02,1.140000000000000000e+02,1.700000000000000000e+01,9.409407068311846922e-01
1.290000000000000000e+02,1.150000000000000000e+02,1.400000000000000000e+01,9.408748431223035169e-01
1.300000000000000000e+02,1.160000000000000000e+02,1.270000000000000000e+02,9.402775757562051862e-01
1.310000000000000000e+02,1.170000000000000000e+02,6.000000000000000000e+01,9.399955340867377496e-01
1.320000000000000000e+02,1.180000000000000000e+02,1.150000000000000000e+02,9.394551906673953567e-01
1.330000000000000000e+02,1.190000000000000000e+02,2.600000000000000000e+01,9.393330691253760634e-01
1.340000000000000000e+02,1.200000000000000000e+02,1.800000000000000000e+01,9.392485327420074803e-01
1.350000000000000000e+02,1.210000000000000000e+02,4.600000000000000000e+01,9.390325298807493670e-01
1.360000000000000000e+02,1.220000000000000000e+02,2.900000000000000000e+01,9.388963796946669937e-01
1.370000000000000000e+02,1.220000000000000000e+02,2.500000000000000000e+02,9.377234894969069812e-01
1.380000000000000000e+02,1.230000000000000000e+02,9.000000000000000000e+00,9.376812927838206191e-01
1.390000000000000000e+02,1.230000000000000000e+02,2.500000000000000000e+02,9.365099204996003568e-01
1.400000000000000000e+02,1.240000000000000000e+02,1.620000000000000000e+02,9.357516527082336832e-01
1.410000000000000000e+02,1.250000000000000000e+02,1.330000000000000000e+02,9.351295831650507928e-01
1.420000000000000000e+02,1.260000000000000000e+02,6.700000000000000000e+01,9.348163664383769555e-01
1.430000000000000000e+02,1.270000000000000000e+02,6.000000000000000000e+00,9.347883222979374018e-01
1.440000000000000000e+02,1.280000000000000000e+02,4.300000000000000000e+01,9.345873639100465979e-01
1.450000000000000000e+02,1.290000000000000000e+02,4.700000000000000000e+01,9.343677611348558676e-01
1.460000000000000000e+02,1.300000000000000000e+02,2.300000000000000000e+01,9.342603147519937812e-01
1.470000000000000000e+02,1.310000000000000000e+02,5.600000000000000000e+01,9.339987578296464754e-01
1.480000000000000000e+02,1.320000000000000000e+02,2.300000000000000000e+01,9.338913538798304659e-01
1.490000000000000000e+02,1.330000000000000000e+02,6.200000000000000000e+01,9.336018917054246247e-01
1.500000000000000000e+02,1.340000000000000000e+02,4.000000000000000000e+00,9.335832198076302602e-01
1.510000000000000000e+02,1.350000000000000000e+02,7.000000000000000000e+00,9.335505448850639487e-01
1.520000000000000000e+02,1.360000000000000000e+02,2.600000000000000000e+01,9.334291908990228759e-01
1.530000000000000000e+02,1.370000000000000000e+02,3.900000000000000000e+01,9.332471894975059579e-01
1.540000000000000000e+02,1.380000000000000000e+02,3.900000000000000000e+01,9.330652235828912344e-01
1.550000000000000000e+02,1.390000000000000000e+02,8.000000000000000000e+00,9.330279016270867087e-01
1.560000000000000000e+02,1.400000000000000000e+02,7.800000000000000000e+01,9.326640907836475369e-01
1.570000000000000000e+02,1.410000000000000000e+02,1.000000000000000000e+00,9.326594274631936354e-01
1.580000000000000000e+02,1.420000000000000000e+02,6.200000000000000000e+01,9.323703471277439148e-01
1.590000000000000000e+02,1.420000000000000000e+02,2.500000000000000000e+02,9.312056093947221891e-01
1.600000000000000000e+02,1.430000000000000000e+02,1.370000000000000000e+02,9.305679503812801512e-01
1.610000000000000000e+02,1.440000000000000000e+02,1.570000000000000000e+02,9.298377393600208984e-01
1.620000000000000000e+02,1.450000000000000000e+02,6.800000000000000000e+01,9.295216474770715553e-01
1.630000000000000000e+02,1.460000000000000000e+02,8.400000000000000000e+01,9.291313293818700414e-01
1.640000000000000000e+02,1.470000000000000000e+02,8.000000000000000000e+01,9.287597502419490114e-01
1.650000000000000000e+02,1.480000000000000000e+02,9.000000000000000000e+01,9.283419013327702807e-01
1.660000000000000000e+02,1.490000000000000000e+02,1.760000000000000000e+02,9.275253177675970573e-01
1.670000000000000000e+02,1.500000000000000000e+02,1.560000000000000000e+02,9.268021282923194493e-01
1.680000000000000000e+02,1.510000000000000000e+02,1.930000000000000000e+02,9.259081933966314404e-01
1.690000000000000000e+02,1.520000000000000000e+02,1.000000000000000000e+01,9.258618990285941708e-01
1.700000000000000000e+02,1.520000000000000000e+02,2.500000000000000000e+02,9.247052917934025507e-01
1.710000000000000000e+02,1.530000000000000000e+02,3.400000000000000000e+01,9.245481048620965980e-01
1.720000000000000000e+02,1.540000000000000000e+02,2.040000000000000000e+02,9.236055442263729764e-01
1.730000000000000000e+02,1.550000000000000000e+02,6.300000000000000000e+01,9.233146535703966595e-01
1.740000000000000000e+02,1.560000000000000000e+02,8.900000000000000000e+01,9.229038689289542630e-01
1.750000000000000000e+02,1.570000000000000000e+02,1.900000000000000000e+01,9.228161970067079167e-01
1.760000000000000000e+02,1.580000000000000000e+02,9.000000000000000000e+00,9.227746711083671949e-01
1.770000000000000000e+02,1.590000000000000000e+02,4.100000000000000000e+01,9.225855212164397745e-01
1.780000000000000000e+02,1.600000000000000000e+02,6.000000000000000000e+01,9.223087863805361497e-01
1.790000000000000000e+02,1.610000000000000000e+02,6.700000000000000000e+01,9.219998639121921302e-01
1.800000000000000000e+02,1.620000000000000000e+02,4.500000000000000000e+01,9.217924367606721292e-01
1.810000000000000000e+02,1.630000000000000000e+02,3.000000000000000000e+01,9.216541779191820272e-01
1.820000000000000000e+02,1.640000000000000000e+02,5.800000000000000000e+01,9.213869362913876815e-01
1.830000000000000000e+02,1.650000000000000000e+02,3.400000000000000000e+01,9.212303134339795418e-01
1.840000000000000000e+02,1.660000000000000000e+02,1.400000000000000000e+01,9.211658294077957887e-01
1.850000000000000000e+02,1.670000000000000000e+02,1.110000000000000000e+02,9.206547229398683863e-01
1.860000000000000000e+02,1.680000000000000000e+02,3.600000000000000000e+01,9.204890195892284632e-01
1.870000000000000000e+02,1.690000000000000000e+02,1.000000000000000000e+00,9.204844171441305400e-01
1.880000000000000000e+02,1.690000000000000000e+02,2.500000000000000000e+02,9.193345275786691806e-01
1.890000000000000000e+02,1.700000000000000000e+02,9.000000000000000000e+01,9.189209190761262747e-01
1.900000000000000000e+02,1.710000000000000000e+02,2.900000000000000000e+01,9.187876848694871423e-01
1.910000000000000000e+02,1.720000000000000000e+02,3.700000000000000000e+01,9.186177244447079060e-01
1.920000000000000000e+02,1.730000000000000000e+02,3.800000000000000000e+01,9.184432032207998642e-01
1.930000000000000000e+02,1.740000000000000000e+02,3.200000000000000000e+01,9.182962636964101533e-01
1.940000000000000000e+02,1.750000000000000000e+02,5.200000000000000000e+01,9.180575371068319113e-01
1.950000000000000000e+02,1.760000000000000000e+02,1.110000000000000000e+02,9.175481552668145468e-01
1.960000000000000000e+02,1.770000000000000000e+02,4.200000000000000000e+01,9.173554899031149956e-01
1.970000000000000000e+02,1.780000000000000000e+02,9.000000000000000000e+00,9.173142097316795418e-01
1.980000000000000000e+02,1.790000000000000000e+02,9.000000000000000000e+00,9.172729314178144078e-01
1.990000000000000000e+02,1.800000000000000000e+02,3.100000000000000000e+01,9.171307647762260151e-01
2.000000000000000000e+02,1.810000000000000000e+02,2.000000000000000000e+01,9.170390560559884552e-01
2.010000000000000000e+02,1.820000000000000000e+02,1.650000000000000000e+02,9.162828089389468689e-01
2.020000000000000000e+02,1.830000000000000000e+02,3.500000000000000000e+01,9.161224730763387614e-01
2.030000000000000000e+02,1.840000000000000000e+02,8.300000000000000000e+01,9.157423601786079947e-01
2.040000000000000000e+02,1.850000000000000000e+02,1.800000000000000000e+02,9.149185607602866588e-01
2.050000000000000000e+02,1.860000000000000000e+02,7.600000000000000000e+01,9.145709568871038808e-01
2.060000000000000000e+02,1.870000000000000000e+02,6.000000000000000000e+01,9.142966260658886846e-01
2.070000000000000000e+02,1.880000000000000000e+02,1.720000000000000000e+02,9.135106670134016671e-01
2.080000000000000000e+02,1.890000000000000000e+02,6.000000000000000000e+00,9.134832620359552013e-01
2.090000000000000000e+02,1.900000000000000000e+02,3.200000000000000000e+01,9.133371160406547062e-01
2.100000000000000000e+02,1.910000000000000000e+02,5.900000000000000000e+01,9.130677206557047398e-01
2.110000000000000000e+02,1.920000000000000000e+02,1.130000000000000000e+02,9.125519818141260009e-01
2.120000000000000000e+02,1.930000000000000000e+02,8.500000000000000000e+01,9.121642286558515611e-01
2.130000000000000000e+02,1.940000000000000000e+02,3.200000000000000000e+01,9.120182936895362413e-01
2.140000000000000000e+02,1.950000000000000000e+02,2.900000000000000000e+01,9.118860602935195958e-01
2.150000000000000000e+02,1.960000000000000000e+02,1.000000000000000000e+00,9.118815008632180641e-01
2.160000000000000000e+02,1.970000000000000000e+02,1.600000000000000000e+01,9.118085530787292114e-01
2.170000000000000000e+02,1.980000000000000000e+02,1.100000000000000000e+01,9.117584048620275272e-01
2.180000000000000000e+02,1.990000000000000000e+02,1.500000000000000000e+01,9.116900253749764538e-01
2.190000000000000000e+02,2.000000000000000000e+02,1.600000000000000000e+01,9.116170929079523422e-01
2.200000000000000000e+02,2.010000000000000000e+02,7.500000000000000000e+01,9.112752997338515737e-01
2.210000000000000000e+02,2.020000000000000000e+02,1.900000000000000000e+01,9.111887324759678775e-01
2.220000000000000000e+02,2.030000000000000000e+02,2.900000000000000000e+01,9.110566193579076044e-01
2.230000000000000000e+02,2.040000000000000000e+02,4.000000000000000000e+00,9.110383983621783699e-01
2.240000000000000000e+02,2.050000000000000000e+02,2.900000000000000000e+01,9.109063070410383656e-01
2.250000000000000000e+02,2.060000000000000000e+02,9.200000000000000000e+01,9.104873854518443776e-01
2.260000000000000000e+02,2.070000000000000000e+02,2.800000000000000000e+01,9.103599258216130696e-01
2.270000000000000000e+02,2.080000000000000000e+02,1.090000000000000000e+02,9.098639135976140935e-01
2.280000000000000000e+02,2.090000000000000000e+02,2.100000000000000000e+01,9.097683826633202742e-01
2.290000000000000000e+02,2.100000000000000000e+02,2.200000000000000000e+01,9.096683133949640121e-01
2.300000000000000000e+02,2.110000000000000000e+02,2.100000000000000000e+01,9.095728029976644091e-01
2.310000000000000000e+02,2.120000000000000000e+02,1.900000000000000000e+01,9.094863974696925091e-01
2.320000000000000000e+02,2.130000000000000000e+02,4.000000000000000000e+00,9.094682078781655132e-01
2.330000000000000000e+02,2.140000000000000000e+02,4.500000000000000000e+01,9.092636000391168816e-01
2.340000000000000000e+02,2.150000000000000000e+02,1.100000000000000000e+01,9.092135917913330978e-01
2.350000000000000000e+02,2.160000000000000000e+02,2.600000000000000000e+01,9.090954014114643877e-01
2.360000000000000000e+02,2.170000000000000000e+02,8.400000000000000000e+01,9.087136605597068151e-01
2.370000000000000000e+02,2.180000000000000000e+02,5.600000000000000000e+01,9.084592557170759752e-01
2.380000000000000000e+02,2.190000000000000000e+02,4.300000000000000000e+01,9.082639574841617769e-01
2.390000000000000000e+02,2.200000000000000000e+02,9.000000000000000000e+00,9.082230864235026901e-01
2.400000000000000000e+02,2.210000000000000000e+02,6.600000000000000000e+01,9.079234215032495614e-01
2.410000000000000000e+02,2.220000000000000000e+02,5.200000000000000000e+01,9.076873915088108369e-01
2.420000000000000000e+02,2.230000000000000000e+02,6.000000000000000000e+00,9.076601612274458608e-01
2.430000000000000000e+02,2.240000000000000000e+02,8.000000000000000000e+00,9.076238554563523797e-01
2.440000000000000000e+02,2.250000000000000000e+02,1.200000000000000000e+01,9.075693995225789790e-01
2.450000000000000000e+02,2.260000000000000000e+02,3.000000000000000000e+01,9.074332739820064608e-01
2.460000000000000000e+02,2.270000000000000000e+02,4.400000000000000000e+01,9.072336601210235774e-01
2.470000000000000000e+02,2.280000000000000000e+02,7.600000000000000000e+01,9.068889759626020952e-01
2.480000000000000000e+02,2.290000000000000000e+02,1.200000000000000000e+01,9.068345641203858776e-01
2.490000000000000000e+02,2.300000000000000000e+02,2.000000000000000000e+01,9.067438849713080895e-01
2.500000000000000000e+02,2.310000000000000000e+02,8.000000000000000000e+00,9.067076158506235384e-01
2.510000000000000000e+02,2.320000000000000000e+02,9.000000000000000000e+00,9.066668148239372949e-01
2.520000000000000000e+02,2.330000000000000000e+02,2.600000000000000000e+01,9.065489555043827474e-01
2.530000000000000000e+02,2.340000000000000000e+02,7.700000000000000000e+01,9.062000004622788873e-01
2.540000000000000000e+02,2.350000000000000000e+02,1.180000000000000000e+02,9.056654988192373024e-01
2.550000000000000000e+02,2.360000000000000000e+02,1.600000000000000000e+01,9.055930482962644135e-01
2.560000000000000000e+02,2.370000000000000000e+02,1.230000000000000000e+02,9.050362784039236441e-01
2.570000000000000000e+02,2.380000000000000000e+02,1.600000000000000000e+01,9.049638782166963269e-01
2.580000000000000000e+02,2.390000000000000000e+02,5.100000000000000000e+01,9.047331412711179244e-01
2.590000000000000000e+02,2.400000000000000000e+02,3.700000000000000000e+01,9.045657807029099384e-01
2.600000000000000000e+02,2.410000000000000000e+02,3.400000000000000000e+01,9.044120172060479135e-01
2.610000000000000000e+02,2.420000000000000000e+02,4.400000000000000000e+01,9.042130679501081403e-01
2.620000000000000000e+02,2.430000000000000000e+02,1.610000000000000000e+02,9.034854675098703547e-01
2.630000000000000000e+02,2.440000000000000000e+02,3.300000000000000000e+01,9.033364043331223447e-01
2.640000000000000000e+02,2.450000000000000000e+02,2.600000000000000000e+01,9.032189779398730467e-01
2.650000000000000000e+02,2.460000000000000000e+02,8.400000000000000000e+01,9.028397046739129461e-01
2.660000000000000000e+02,2.470000000000000000e+02,5.000000000000000000e+00,9.028171339070047985e-01
2.670000000000000000e+02,2.480000000000000000e+02,7.000000000000000000e+00,9.027855357812929471e-01
2.680000000000000000e+02,2.490000000000000000e+02,6.400000000000000000e+01,9.024966899055306691e-01
2.690000000000000000e+02,2.500000000000000000e+02,7.000000000000000000e+00,9.024651029951905601e-01
2.700000000000000000e+02,2.510000000000000000e+02,3.000000000000000000e+00,9.024515660863302591e-01
2.710000000000000000e+02,2.520000000000000000e+02,5.500000000000000000e+01,9.022034254062099023e-01
2.720000000000000000e+02,2.530000000000000000e+02,6.200000000000000000e+01,9.019237849917345340e-01
2.730000000000000000e+02,2.540000000000000000e+02,2.900000000000000000e+01,9.017930151970245944e-01
2.740000000000000000e+02,2.550000000000000000e+02,1.300000000000000000e+02,9.012070387351820422e-01
2.750000000000000000e+02,2.560000000000000000e+02,3.900000000000000000e+01,9.010313200564583624e-01
2.760000000000000000e+02,2.570000000000000000e+02,3.500000000000000000e+01,9.008736529775513979e-01
2.770000000000000000e+02,2.580000000000000000e+02,1.180000000000000000e+02,9.003422929605089386e-01
2.780000000000000000e+02,2.590000000000000000e+02,9.300000000000000000e+01,8.999237300712854548e-01
2.790000000000000000e+02,2.600000000000000000e+02,4.800000000000000000e+01,8.997077737519704188e-01
2.800000000000000000e+02,2.610000000000000000e+02,1.000000000000000000e+01,8.996627893754404193e-01
2.810000000000000000e+02,2.620000000000000000e+02,9.600000000000000000e+01,8.992310537820289440e-01
2.820000000000000000e+02,2.630000000000000000e+02,6.000000000000000000e+01,8.989613242530202220e-01
2.830000000000000000e+02,2.640000000000000000e+02,5.100000000000000000e+01,8.987321177673867068e-01
2.840000000000000000e+02,2.650000000000000000e+02,3.700000000000000000e+01,8.985658672886156495e-01
2.850000000000000000e+02,2.660000000000000000e+02,5.400000000000000000e+01,8.983232866478543244e-01
2.860000000000000000e+02,2.670000000000000000e+02,1.900000000000000000e+01,8.982379497758455900e-01
2.870000000000000000e+02,2.680000000000000000e+02,4.000000000000000000e+01,8.980583197004202711e-01
2.880000000000000000e+02,2.690000000000000000e+02,6.000000000000000000e+00,8.980313782875987139e-01
2.890000000000000000e+02,2.700000000000000000e+02,2.800000000000000000e+01,8.979056623806664916e-01
2.900000000000000000e+02,2.710000000000000000e+02,3.100000000000000000e+01,8.977664974406452947e-01
2.910000000000000000e+02,2.720000000000000000e+02,8.000000000000000000e+01,8.974074617560001688e-01
2.920000000000000000e+02,2.730000000000000000e+02,2.600000000000000000e+01,8.972908060771150884e-01
2.930000000000000000e+02,2.740000000000000000e+02,2.100000000000000000e+01,8.971965952531039123e-01
2.940000000000000000e+02,2.750000000000000000e+02,3.200000000000000000e+01,8.970530549225439465e-01
2.950000000000000000e+02,2.760000000000000000e+02,7.100000000000000000e+01,8.967346568110571292e-01
2.960000000000000000e+02,2.770000000000000000e+02,3.000000000000000000e+00,8.967212058584598244e-01
2.970000000000000000e+02,2.780000000000000000e+02,7.500000000000000000e+01,8.963849976087264748e-01
2.980000000000000000e+02,2.790000000000000000e+02,4.100000000000000000e+01,8.962012570589136251e-01
2.990000000000000000e+02,2.800000000000000000e+02,3.000000000000000000e+00,8.961878141072725512e-01
3.000000000000000000e+02,2.810000000000000000e+02,4.800000000000000000e+01,8.959727543024442742e-01
3.010000000000000000e+02,2.820000000000000000e+02,9.400000000000000000e+01,8.955517450003316338e-01
3.020000000000000000e+02,2.830000000000000000e+02,1.700000000000000000e+01,8.954756261468059808e-01
3.030000000000000000e+02,2.840000000000000000e+02,1.100000000000000000e+01,8.954263762186281950e-01
3.040000000000000000e+02,2.850000000000000000e+02,5.700000000000000000e+01,8.951712154256418197e-01
3.050000000000000000e+02,2.860000000000000000e+02,1.800000000000000000e+01,8.950906534401915637e-01
3.060000000000000000e+02,2.870000000000000000e+02,1.270000000000000000e+02,8.945224498784670741e-01
3.070000000000000000e+02,2.880000000000000000e+02,1.000000000000000000e+01,8.944777247622970329e-01
3.080000000000000000e+02,2.890000000000000000e+02,1.000000000000000000e+01,8.944330018823325457e-01
3.090000000000000000e+02,2.900000000000000000e+02,5.000000000000000000e+01,8.942094210216798844e-01
3.100000000000000000e+02,2.900000000000000000e+02,2.500000000000000000e+02,8.930923547645900351e-01
3.110000000000000000e+02,2.910000000000000000e+02,9.100000000000000000e+01,8.926860891599385228e-01
3.120000000000000000e+02,2.920000000000000000e+02,5.900000000000000000e+01,8.924227849446551009e-01
3.130000000000000000e+02,2.930000000000000000e+02,1.100000000000000000e+01,8.923737029185457859e-01
3.140000000000000000e+02,2.940000000000000000e+02,5.300000000000000000e+01,8.921372546269316084e-01
3.150000000000000000e+02,2.950000000000000000e+02,3.000000000000000000e+00,8.921238726350223525e-01
3.160000000000000000e+02,2.960000000000000000e+02,9.200000000000000000e+01,8.917135890003681231e-01
3.170000000000000000e+02,2.970000000000000000e+02,1.450000000000000000e+02,8.910673293301267783e-01
3.180000000000000000e+02,2.980000000000000000e+02,3.400000000000000000e+01,8.909158603806923704e-01
3.190000000000000000e+02,2.990000000000000000e+02,1.120000000000000000e+02,8.904170859218218936e-01
3.200000000000000000e+02,3.000000000000000000e+02,7.400000000000000000e+01,8.900876917182274362e-01
3.210000000000000000e+02,3.010000000000000000e+02,6.100000000000000000e+01,8.898162556897596387e-01
3.220000000000000000e+02,3.020000000000000000e+02,5.500000000000000000e+01,8.895715892509539202e-01
3.230000000000000000e+02,3.030000000000000000e+02,3.000000000000000000e+00,8.895582457438327983e-01
3.240000000000000000e+02,3.040000000000000000e+02,4.300000000000000000e+01,8.893670108014016806e-01
3.250000000000000000e+02,3.050000000000000000e+02,4.800000000000000000e+01,8.891535877970349055e-01
3.260000000000000000e+02,3.060000000000000000e+02,1.000000000000000000e+00,8.891491420290958958e-01
3.270000000000000000e+02,3.070000000000000000e+02,8.000000000000000000e+00,8.891135766858127010e-01
3.280000000000000000e+02,3.080000000000000000e+02,6.700000000000000000e+01,8.888157727780502393e-01
3.290000000000000000e+02,3.090000000000000000e+02,2.000000000000000000e+00,8.888068846425427605e-01
3.300000000000000000e+02,3.100000000000000000e+02,3.800000000000000000e+01,8.886380269543037169e-01
3.310000000000000000e+02,3.110000000000000000e+02,1.260000000000000000e+02,8.880783599117796356e-01
3.320000000000000000e+02,3.120000000000000000e+02,2.300000000000000000e+01,8.879762365172880756e-01
3.330000000000000000e+02,3.130000000000000000e+02,8.600000000000000000e+01,8.875944878630535051e-01
3.340000000000000000e+02,3.140000000000000000e+02,5.500000000000000000e+01,8.873504323279243211e-01
3.350000000000000000e+02,3.150000000000000000e+02,8.400000000000000000e+01,8.869778224683667611e-01
3.360000000000000000e+02,3.160000000000000000e+02,4.600000000000000000e+01,8.867738405180656258e-01
3.370000000000000000e+02,3.170000000000000000e+02,3.200000000000000000e+01,8.866319676990276344e-01
3.380000000000000000e+02,3.180000000000000000e+02,4.800000000000000000e+01,8.864192010278831857e-01
3.390000000000000000e+02,3.190000000000000000e+02,5.200000000000000000e+01,8.861887614179623229e-01
3.400000000000000000e+02,3.200000000000000000e+02,8.200000000000000000e+01,8.858254975917920770e-01
3.410000000000000000e+02,3.210000000000000000e+02,8.800000000000000000e+01,8.854358191341995532e-01
3.420000000000000000e+02,3.220000000000000000e+02,1.800000000000000000e+01,8.853561332971786602e-01
3.430000000000000000e+02,3.230000000000000000e+02,4.500000000000000000e+01,8.851569500781797384e-01
3.440000000000000000e+02,3.240000000000000000e+02,7.000000000000000000e+00,8.851259700496303395e-01
3.450000000000000000e+02,3.250000000000000000e+02,1.390000000000000000e+02,8.845110196830708871e-01
3.460000000000000000e+02,3.260000000000000000e+02,1.600000000000000000e+01,8.844402614549669028e-01
3.470000000000000000e+02,3.270000000000000000e+02,2.500000000000000000e+01,8.843297130553322560e-01
3.480000000000000000e+02,3.280000000000000000e+02,6.000000000000000000e+00,8.843031834955619175e-01
3.490000000000000000e+02,3.290000000000000000e+02,5.100000000000000000e+01,8.840777143686313622e-01
3.500000000000000000e+02,3.300000000000000000e+02,1.000000000000000000e+02,8.836357848981938323e-01
3.510000000000000000e+02,3.310000000000000000e+02,6.300000000000000000e+01,8.833574827650804151e-01
3.520000000000000000e+02,3.320000000000000000e+02,9.700000000000000000e+01,8.829291571924692272e-01
3.530000000000000000e+02,3.330000000000000000e+02,1.770000000000000000e+02,8.821481086007050276e-01
3.540000000000000000e+02,3.340000000000000000e+02,7.600000000000000000e+01,8.818129551647359010e-01
3.550000000000000000e+02,3.350000000000000000e+02,6.400000000000000000e+01,8.815308194578618251e-01
3.560000000000000000e+02,3.360000000000000000e+02,4.800000000000000000e+01,8.813192769184541309e-01
3.570000000000000000e+02,3.370000000000000000e+02,4.400000000000000000e+01,8.811254075192725965e-01
3.580000000000000000e+02,3.380000000000000000e+02,5.700000000000000000e+01,8.808743219318099227e-01
3.590000000000000000e+02,3.390000000000000000e+02,1.000000000000000000e+01,8.808302792066834419e-01
3.600000000000000000e+02,3.400000000000000000e+02,4.400000000000000000e+01,8.806365173754346909e-01
3.610000000000000000e+02,3.410000000000000000e+02,2.300000000000000000e+01,8.805352497457669125e-01
3.620000000000000000e+02,3.420000000000000000e+02,9.000000000000000000e+00,8.804956264520005238e-01
3.630000000000000000e+02,3.430000000000000000e+02,3.300000000000000000e+01,8.803503562955768968e-01
3.640000000000000000e+02,3.440000000000000000e+02,3.000000000000000000e+01,8.802183133154952710e-01
3.650000000000000000e+02,3.450000000000000000e+02,1.400000000000000000e+01,8.801567000360193127e-01
3.660000000000000000e+02,3.460000000000000000e+02,1.370000000000000000e+02,8.795539976388718761e-01
3.670000000000000000e+02,3.470000000000000000e+02,5.000000000000000000e+01,8.793341360736469658e-01
3.680000000000000000e+02,3.480000000000000000e+02,2.100000000000000000e+01,8.792418106057168226e-01
3.690000000000000000e+02,3.490000000000000000e+02,4.000000000000000000e+00,8.792242259013904881e-01
3.700000000000000000e+02,3.500000000000000000e+02,9.500000000000000000e+01,8.788066925222787207e-01
3.710000000000000000e+02,3.510000000000000000e+02,3.800000000000000000e+01,8.786397346947993903e-01
3.720000000000000000e+02,3.520000000000000000e+02,6.500000000000000000e+01,8.783542224654908859e-01
3.730000000000000000e+02,3.530000000000000000e+02,5.000000000000000000e+00,8.783322638295165685e-01
3.740000000000000000e+02,3.540000000000000000e+02,1.500000000000000000e+01,8.782663912153013674e-01
3.750000000000000000e+02,3.550000000000000000e+02,3.000000000000000000e+00,8.782532172853030339e-01
3.760000000000000000e+02,3.560000000000000000e+02,5.200000000000000000e+01,8.780249005604755519e-01
3.770000000000000000e+02,3.570000000000000000e+02,3.000000000000000000e+01,8.778932063734659064e-01
3.780000000000000000e+02,3.580000000000000000e+02,1.440000000000000000e+02,8.772613491811149800e-01
3.790000000000000000e+02,3.590000000000000000e+02,3.000000000000000000e+00,8.772481903266716730e-01
3.800000000000000000e+02,3.600000000000000000e+02,4.900000000000000000e+01,8.770332903091166976e-01
3.810000000000000000e+02,3.610000000000000000e+02,9.000000000000000000e+00,8.769938246003733395e-01
3.820000000000000000e+02,3.620000000000000000e+02,1.700000000000000000e+01,8.769192831069861915e-01
3.830000000000000000e+02,3.630000000000000000e+02,5.500000000000000000e+01,8.766781628568828255e-01
3.840000000000000000e+02,3.640000000000000000e+02,2.000000000000000000e+01,8.765904992046927857e-01
3.850000000000000000e+02,3.650000000000000000e+02,1.000000000000000000e+00,8.765861162521967342e-01
3.860000000000000000e+02,3.660000000000000000e+02,9.000000000000000000e+01,8.761917402551947509e-01
3.870000000000000000e+02,3.670000000000000000e+02,4.600000000000000000e+01,8.759902388247340355e-01
3.880000000000000000e+02,3.680000000000000000e+02,1.800000000000000000e+01,8.759114030538126539e-01
3.890000000000000000e+02,3.690000000000000000e+02,5.100000000000000000e+01,8.756880735634288149e-01
3.900000000000000000e+02,3.700000000000000000e+02,8.000000000000000000e+00,8.756530466534616641e-01
3.910000000000000000e+02,3.710000000000000000e+02,7.000000000000000000e+00,8.756223992565426162e-01
3.920000000000000000e+02,3.720000000000000000e+02,2.600000000000000000e+01,8.755085754587860203e-01
3.930000000000000000e+02,3.730000000000000000e+02,3.200000000000000000e+01,8.753685049424754228e-01
3.940000000000000000e+02,3.740000000000000000e+02,6.000000000000000000e+01,8.751059331223031146e-01
3.950000000000000000e+02,3.750000000000000000e+02,1.680000000000000000e+02,8.743711509532350323e-01
3.960000000000000000e+02,3.760000000000000000e+02,3.000000000000000000e+00,8.743580354515483322e-01
3.970000000000000000e+02,3.770000000000000000e+02,7.100000000000000000e+01,8.740476926622074982e-01
3.980000000000000000e+02,3.780000000000000000e+02,1.000000000000000000e+00,8.740433224237441623e-01
3.990000000000000000e+02,3.790000000000000000e+02,2.300000000000000000e+01,8.739428129697953684e-01
4.000000000000000000e+02,3.800000000000000000e+02,2.700000000000000000e+01,8.738248383585722756e-01
4.010000000000000000e+02,3.810000000000000000e+02,5.200000000000000000e+01,8.735976728654770707e-01
4.020000000000000000e+02,3.820000000000000000e+02,9.100000000000000000e+01,8.732002753456177269e-01
4.030000000000000000e+02,3.830000000000000000e+02,3.900000000000000000e+01,8.730300174669618496e-01
4.040000000000000000e+02,3.840000000000000000e+02,1.400000000000000000e+01,8.729689073518424047e-01
4.050000000000000000e+02,3.850000000000000000e+02,3.500000000000000000e+01,8.728161507777529859e-01
4.060000000000000000e+02,3.860000000000000000e+02,1.270000000000000000e+02,8.722620870706897511e-01
4.070000000000000000e+02,3.870000000000000000e+02,9.500000000000000000e+01,8.718478599304939625e-01
4.080000000000000000e+02,3.880000000000000000e+02,9.000000000000000000e+00,8.718086275614508329e-01
4.090000000000000000e+02,3.890000000000000000e+02,6.900000000000000000e+01,8.715079047108065247e-01
4.100000000000000000e+02,3.900000000000000000e+02,2.600000000000000000e+01,8.713946157639120838e-01
4.110000000000000000e+02,3.910000000000000000e+02,1.330000000000000000e+02,8.708153295302288877e-01
4.120000000000000000e+02,3.920000000000000000e+02,5.000000000000000000e+00,8.707935593646932704e-01
4.130000000000000000e+02,3.930000000000000000e+02,1.460000000000000000e+02,8.701581104448040671e-01
4.140000000000000000e+02,3.940000000000000000e+02,2.800000000000000000e+01,8.700362965319787811e-01
4.150000000000000000e+02,3.950000000000000000e+02,5.000000000000000000e+00,8.700145458420732725e-01
4.160000000000000000e+02,3.960000000000000000e+02,6.800000000000000000e+01,8.697187904383639756e-01
4.170000000000000000e+02,3.970000000000000000e+02,2.600000000000000000e+01,8.696057340617886489e-01
4.180000000000000000e+02,3.980000000000000000e+02,4.100000000000000000e+01,8.694274827120637150e-01
4.190000000000000000e+02,3.990000000000000000e+02,6.400000000000000000e+01,8.691493097322113837e-01
4.200000000000000000e+02,4.000000000000000000e+02,8.000000000000000000e+01,8.688017186621864729e-01
4.210000000000000000e+02,4.010000000000000000e+02,1.010000000000000000e+02,8.683630834623801142e-01
4.220000000000000000e+02,4.020000000000000000e+02,2.300000000000000000e+01,8.682632271999857210e-01
4.230000000000000000e+02,4.030000000000000000e+02,1.150000000000000000e+02,8.677641181041847451e-01
4.240000000000000000e+02,4.040000000000000000e+02,3.700000000000000000e+01,8.676035961897641258e-01
4.250000000000000000e+02,4.050000000000000000e+02,5.000000000000000000e+00,8.675819063167592438e-01
4.260000000000000000e+02,4.060000000000000000e+02,3.600000000000000000e+01,8.674257552372620639e-01
4.270000000000000000e+02,4.070000000000000000e+02,1.900000000000000000e+01,8.673433534986539906e-01
4.280000000000000000e+02,4.080000000000000000e+02,7.000000000000000000e+00,8.673129969366328851e-01
4.290000000000000000e+02,4.090000000000000000e+02,4.100000000000000000e+01,8.671352155510209103e-01
4.300000000000000000e+02,4.100000000000000000e+02,2.600000000000000000e+01,8.670224950181903978e-01
4.310000000000000000e+02,4.110000000000000000e+02,9.300000000000000000e+01,8.666194222719976192e-01
4.320000000000000000e+02,4.120000000000000000e+02,1.300000000000000000e+01,8.665630936994266342e-01
4.330000000000000000e+02,4.130000000000000000e+02,1.300000000000000000e+01,8.665067687881030656e-01
4.340000000000000000e+02,4.140000000000000000e+02,3.700000000000000000e+01,8.663464794623721987e-01
4.350000000000000000e+02,4.150000000000000000e+02,3.400000000000000000e+01,8.661992127107243089e-01
4.360000000000000000e+02,4.160000000000000000e+02,2.300000000000000000e+01,8.660996052797800271e-01
4.370000000000000000e+02,4.170000000000000000e+02,1.000000000000000000e+00,8.660952747817536324e-01
4.380000000000000000e+02,4.180000000000000000e+02,1.300000000000000000e+01,8.660389802777471724e-01
4.390000000000000000e+02,4.190000000000000000e+02,8.000000000000000000e+00,8.660043393247570664e-01
4.400000000000000000e+02,4.200000000000000000e+02,3.900000000000000000e+01,8.658354845203286576e-01
4.410000000000000000e+02,4.210000000000000000e+02,6.200000000000000000e+01,8.655671164484053381e-01
4.420000000000000000e+02,4.220000000000000000e+02,1.090000000000000000e+02,8.650955097154273687e-01
4.430000000000000000e+02,4.230000000000000000e+02,1.300000000000000000e+01,8.650392801942007326e-01
4.440000000000000000e+02,4.240000000000000000e+02,1.430000000000000000e+02,8.644209966258640243e-01
4.450000000000000000e+02,4.250000000000000000e+02,1.200000000000000000e+01,8.643691327923369583e-01
4.460000000000000000e+02,4.260000000000000000e+02,8.000000000000000000e+00,8.643345586320773100e-01
4.470000000000000000e+02,4.270000000000000000e+02,2.400000000000000000e+01,8.642308444487305508e-01
4.480000000000000000e+02,4.280000000000000000e+02,3.800000000000000000e+01,8.640666557762299860e-01
4.490000000000000000e+02,4.290000000000000000e+02,3.300000000000000000e+01,8.639240961831164967e-01
4.500000000000000000e+02,4.300000000000000000e+02,3.900000000000000000e+01,8.637556469875670162e-01
4.510000000000000000e+02,4.310000000000000000e+02,2.700000000000000000e+01,8.636390475543630485e-01
4.520000000000000000e+02,4.320000000000000000e+02,1.700000000000000000e+01,8.635656411716197134e-01
4.530000000000000000e+02,4.330000000000000000e+02,9.500000000000000000e+01,8.631555438726357110e-01
4.540000000000000000e+02,4.340000000000000000e+02,9.900000000000000000e+01,8.627283865406830676e-01
4.550000000000000000e+02,4.350000000000000000e+02,6.000000000000000000e+01,8.624696061967602745e-01
4.560000000000000000e+02,4.360000000000000000e+02,1.200000000000000000e+01,8.624178594434395162e-01
4.570000000000000000e+02,4.370000000000000000e+02,2.100000000000000000e+01,8.623273100957477011e-01
4.580000000000000000e+02,4.380000000000000000e+02,9.200000000000000000e+01,8.619307297621184860e-01
4.590000000000000000e+02,4.390000000000000000e+02,9.000000000000000000e+00,8.618919436550075419e-01
4.600000000000000000e+02,4.400000000000000000e+02,1.500000000000000000e+01,8.618273040216501979e-01
4.610000000000000000e+02,4.410000000000000000e+02,1.900000000000000000e+01,8.617454341119750172e-01
4.620000000000000000e+02,4.420000000000000000e+02,8.400000000000000000e+01,8.613835761204980956e-01
4.630000000000000000e+02,4.430000000000000000e+02,1.400000000000000000e+01,8.613232812297775265e-01
4.640000000000000000e+02,4.440000000000000000e+02,3.200000000000000000e+01,8.611854801846545726e-01
4.650000000000000000e+02,4.450000000000000000e+02,8.700000000000000000e+01,8.608109450317350531e-01
4.660000000000000000e+02,4.460000000000000000e+02,4.700000000000000000e+01,8.606086777213226569e-01
4.670000000000000000e+02,4.470000000000000000e+02,8.000000000000000000e+00,8.605742539766334520e-01
4.680000000000000000e+02,4.480000000000000000e+02,2.000000000000000000e+00,8.605656482556079956e-01
4.690000000000000000e+02,4.490000000000000000e+02,1.500000000000000000e+01,8.605011080909243937e-01
4.700000000000000000e+02,4.500000000000000000e+02,5.000000000000000000e+00,8.604795957783462068e-01
4.710000000000000000e+02,4.510000000000000000e+02,5.000000000000000000e+00,8.604580840035703782e-01
4.720000000000000000e+02,4.520000000000000000e+02,1.000000000000000000e+00,8.604537817131503452e-01
4.730000000000000000e+02,4.530000000000000000e+02,1.200000000000000000e+01,8.604021559059723545e-01
4.740000000000000000e+02,4.540000000000000000e+02,8.000000000000000000e+00,8.603677404220113623e-01
4.750000000000000000e+02,4.550000000000000000e+02,2.200000000000000000e+01,8.602731049390223150e-01
4.760000000000000000e+02,4.560000000000000000e+02,9.000000000000000000e+00,8.602343934235365808e-01
4.770000000000000000e+02,4.570000000000000000e+02,5.100000000000000000e+01,8.600150610709446086e-01
4.780000000000000000e+02,4.580000000000000000e+02,2.300000000000000000e+01,8.599161647783256646e-01
4.790000000000000000e+02,4.590000000000000000e+02,3.600000000000000000e+01,8.597613934115767576e-01
4.800000000000000000e+02,4.600000000000000000e+02,5.000000000000000000e+01,8.595464793913089041e-01
4.810000000000000000e+02,4.610000000000000000e+02,1.760000000000000000e+02,8.587904093188860610e-01
4.820000000000000000e+02,4.620000000000000000e+02,6.000000000000000000e+00,8.587646459286506495e-01
4.830000000000000000e+02,4.630000000000000000e+02,7.800000000000000000e+01,8.584297921803261122e-01
4.840000000000000000e+02,4.640000000000000000e+02,7.100000000000000000e+01,8.581251029279181042e-01
4.850000000000000000e+02,4.650000000000000000e+02,5.100000000000000000e+01,8.579063083771736320e-01
4.860000000000000000e+02,4.660000000000000000e+02,2.300000000000000000e+01,8.578076545777771900e-01
4.870000000000000000e+02,4.670000000000000000e+02,1.570000000000000000e+02,8.571345381189133805e-01
4.880000000000000000e+02,4.680000000000000000e+02,9.000000000000000000e+00,8.570959678361097511e-01
4.890000000000000000e+02,4.690000000000000000e+02,3.100000000000000000e+01,8.569631279243534738e-01
4.900000000000000000e+02,4.700000000000000000e+02,3.300000000000000000e+01,8.568217403195738102e-01
4.910000000000000000e+02,4.710000000000000000e+02,7.000000000000000000e+00,8.567917520084901151e-01
4.920000000000000000e+02,4.720000000000000000e+02,3.500000000000000000e+01,8.566418261959641844e-01
4.930000000000000000e+02,4.730000000000000000e+02,2.000000000000000000e+01,8.565561660822708090e-01
4.940000000000000000e+02,4.740000000000000000e+02,8.600000000000000000e+01,8.561879251877169139e-01
4.950000000000000000e+02,4.750000000000000000e+02,6.000000000000000000e+00,8.561622398710294624e-01
4.960000000000000000e+02,4.760000000000000000e+02,1.500000000000000000e+01,8.560980299504159508e-01
4.970000000000000000e+02,4.770000000000000000e+02,5.000000000000000000e+00,8.560766277136904190e-01
4.980000000000000000e+02,4.780000000000000000e+02,2.500000000000000000e+01,8.559696245555540317e-01
4.990000000000000000e+02,4.790000000000000000e+02,1.000000000000000000e+00,8.559653447074312416e-01
5.000000000000000000e+02,4.800000000000000000e+02,1.000000000000000000e+00,8.559610648807076672e-01
5.010000000000000000e+02,4.810000000000000000e+02,1.900000000000000000e+01,8.558797522386732970e-01
5.020000000000000000e+02,4.820000000000000000e+02,9.000000000000000000e+00,8.558412384201049550e-01
5.030000000000000000e+02,4.830000000000000000e+02,1.500000000000000000e+01,8.557770525737575795e-01
5.040000000000000000e+02,4.840000000000000000e+02,6.700000000000000000e+01,8.554904145590964681e-01
5.050000000000000000e+02,4.850000000000000000e+02,6.000000000000000000e+00,8.554647501674662591e-01
5.060000000000000000e+02,4.860000000000000000e+02,2.400000000000000000e+01,8.553621002999358680e-01
5.070000000000000000e+02,4.870000000000000000e+02,3.300000000000000000e+01,8.552209768435815596e-01
5.080000000000000000e+02,4.880000000000000000e+02,4.700000000000000000e+01,8.550200230246356448e-01
5.090000000000000000e+02,4.890000000000000000e+02,1.100000000000000000e+01,8.549729980990038447e-01
5.100000000000000000e+02,4.900000000000000000e+02,3.600000000000000000e+01,8.548191164244072215e-01
5.110000000000000000e+02,4.910000000000000000e+02,2.300000000000000000e+01,8.547208176325594708e-01
5.120000000000000000e+02,4.920000000000000000e+02,2.700000000000000000e+01,8.546054378220411252e-01
5.130000000000000000e+02,4.930000000000000000e+02,2.400000000000000000e+01,8.545028910660632526e-01
5.140000000000000000e+02,4.940000000000000000e+02,3.000000000000000000e+00,8.544900735867848596e-01
5.150000000000000000e+02,4.950000000000000000e+02,4.800000000000000000e+01,8.542850200638957281e-01
5.160000000000000000e+02,4.960000000000000000e+02,3.200000000000000000e+01,8.541483450532890709e-01
5.170000000000000000e+02,4.970000000000000000e+02,2.000000000000000000e+00,8.541398035911922371e-01
5.180000000000000000e+02,4.980000000000000000e+02,1.500000000000000000e+01,8.540757453479909111e-01
5.190000000000000000e+02,4.990000000000000000e+02,3.500000000000000000e+01,8.539262947962318329e-01
5.200000000000000000e+02,5.000000000000000000e+02,5.000000000000000000e+00,8.539049468523423059e-01
5.210000000000000000e+02,5.010000000000000000e+02,1.400000000000000000e+01,8.538451754486572343e-01
5.220000000000000000e+02,5.020000000000000000e+02,3.100000000000000000e+01,8.537128393719326525e-01
5.230000000000000000e+02,5.030000000000000000e+02,8.600000000000000000e+01,8.533458208480912965e-01
5.240000000000000000e+02,5.040000000000000000e+02,1.600000000000000000e+01,8.532775557424007173e-01
5.250000000000000000e+02,5.050000000000000000e+02,1.900000000000000000e+01,8.531964980222628281e-01
5.260000000000000000e+02,5.060000000000000000e+02,1.900000000000000000e+01,8.531154480022618003e-01
5.270000000000000000e+02,5.070000000000000000e+02,1.900000000000000000e+01,8.530344056816661080e-01
5.280000000000000000e+02,5.080000000000000000e+02,1.000000000000000000e+00,8.530301405096376577e-01
5.290000000000000000e+02,5.090000000000000000e+02,1.100000000000000000e+01,8.529832250248080561e-01
5.300000000000000000e+02,5.100000000000000000e+02,9.000000000000000000e+00,8.529448415473576128e-01
5.310000000000000000e+02,5.110000000000000000e+02,4.300000000000000000e+01,8.527614776603381630e-01
5.320000000000000000e+02,5.120000000000000000e+02,1.100000000000000000e+01,8.527145769515958040e-01
5.330000000000000000e+02,5.130000000000000000e+02,3.100000000000000000e+01,8.525824161044951444e-01
5.340000000000000000e+02,5.140000000000000000e+02,3.800000000000000000e+01,8.524204404286714887e-01
5.350000000000000000e+02,5.150000000000000000e+02,4.500000000000000000e+01,8.522286669254679481e-01
5.360000000000000000e+02,5.160000000000000000e+02,1.070000000000000000e+02,8.517728453922369658e-01
5.370000000000000000e+02,5.170000000000000000e+02,1.700000000000000000e+01,8.517004475963334542e-01
5.380000000000000000e+02,5.180000000000000000e+02,1.600000000000000000e+02,8.510193580076872433e-01
5.390000000000000000e+02,5.190000000000000000e+02,2.500000000000000000e+01,8.509129869703361271e-01
5.400000000000000000e+02,5.200000000000000000e+02,6.100000000000000000e+01,8.506534974347497169e-01
5.410000000000000000e+02,5.210000000000000000e+02,1.500000000000000000e+01,8.505897006553587714e-01
5.420000000000000000e+02,5.220000000000000000e+02,1.900000000000000000e+01,8.505088982699638978e-01
5.430000000000000000e+02,5.230000000000000000e+02,2.000000000000000000e+01,8.504238514199322641e-01
5.440000000000000000e+02,5.240000000000000000e+02,1.600000000000000000e+01,8.503558200630303432e-01
5.450000000000000000e+02,5.250000000000000000e+02,5.200000000000000000e+01,8.501347557367587848e-01
5.460000000000000000e+02,5.260000000000000000e+02,4.900000000000000000e+01,8.499264977136059551e-01
5.470000000000000000e+02,5.270000000000000000e+02,1.600000000000000000e+01,8.498585061435084409e-01
5.480000000000000000e+02,5.280000000000000000e+02,6.300000000000000000e+01,8.495908422041948960e-01
5.490000000000000000e+02,5.290000000000000000e+02,7.000000000000000000e+00,8.495611069707491581e-01
5.500000000000000000e+02,5.300000000000000000e+02,1.170000000000000000e+02,8.490642578235892968e-01
5.510000000000000000e+02,5.310000000000000000e+02,3.500000000000000000e+01,8.489156842076054366e-01
5.520000000000000000e+02,5.320000000000000000e+02,3.800000000000000000e+01,8.487544051464033235e-01
5.530000000000000000e+02,5.330000000000000000e+02,2.200000000000000000e+01,8.486610470632297565e-01
5.540000000000000000e+02,5.340000000000000000e+02,4.800000000000000000e+01,8.484573923423398556e-01
5.550000000000000000e+02,5.350000000000000000e+02,3.800000000000000000e+01,8.482962003485375879e-01
5.560000000000000000e+02,5.360000000000000000e+02,1.300000000000000000e+01,8.482410627496618227e-01
5.570000000000000000e+02,5.370000000000000000e+02,1.900000000000000000e+01,8.481604834748277533e-01
5.580000000000000000e+02,5.380000000000000000e+02,1.600000000000000000e+01,8.480926331805714868e-01
5.590000000000000000e+02,5.390000000000000000e+02,6.000000000000000000e+00,8.480671907196085657e-01
5.600000000000000000e+02,5.400000000000000000e+02,1.600000000000000000e+01,8.479993478884927383e-01
5.610000000000000000e+02,5.410000000000000000e+02,4.200000000000000000e+01,8.478212862774042735e-01
5.620000000000000000e+02,5.420000000000000000e+02,4.500000000000000000e+01,8.476305474700639442e-01
5.630000000000000000e+02,5.430000000000000000e+02,9.000000000000000000e+00,8.475924048582860193e-01
5.640000000000000000e+02,5.440000000000000000e+02,4.000000000000000000e+01,8.474229029043187644e-01
5.650000000000000000e+02,5.450000000000000000e+02,5.000000000000000000e+00,8.474017175436006077e-01
5.660000000000000000e+02,5.460000000000000000e+02,2.000000000000000000e+01,8.473169813968829400e-01
5.670000000000000000e+02,5.470000000000000000e+02,3.700000000000000000e+01,8.471602418623283004e-01
5.680000000000000000e+02,5.480000000000000000e+02,3.000000000000000000e+00,8.471475345222372333e-01
5.690000000000000000e+02,5.490000000000000000e+02,1.140000000000000000e+02,8.466647968140281755e-01
5.700000000000000000e+02,5.500000000000000000e+02,2.000000000000000000e+00,8.466563301872265246e-01
5.710000000000000000e+02,5.510000000000000000e+02,1.600000000000000000e+01,8.465886002207207994e-01
5.720000000000000000e+02,5.520000000000000000e+02,1.400000000000000000e+01,8.465293409446554840e-01
5.730000000000000000e+02,5.530000000000000000e+02,3.000000000000000000e+01,8.464023707490898607e-01
5.740000000000000000e+02,5.540000000000000000e+02,9.000000000000000000e+00,8.463642834041591456e-01
5.750000000000000000e+02,5.550000000000000000e+02,1.100000000000000000e+01,8.463177345323050771e-01
5.760000000000000000e+02,5.560000000000000000e+02,8.200000000000000000e+01,8.459708145173069349e-01
5.770000000000000000e+02,5.570000000000000000e+02,5.800000000000000000e+01,8.457255179375763321e-01
5.780000000000000000e+02,5.580000000000000000e+02,3.000000000000000000e+01,8.455986683067204801e-01
5.790000000000000000e+02,5.590000000000000000e+02,4.000000000000000000e+01,8.454295650611881596e-01
5.800000000000000000e+02,5.600000000000000000e+02,4.300000000000000000e+01,8.452478167889675431e-01
5.810000000000000000e+02,5.610000000000000000e+02,9.000000000000000000e+00,8.452097813979257968e-01
5.820000000000000000e+02,5.620000000000000000e+02,3.700000000000000000e+01,8.450534316602877905e-01
5.830000000000000000e+02,5.630000000000000000e+02,4.600000000000000000e+01,8.448590912351587878e-01
5.840000000000000000e+02,5.640000000000000000e+02,6.700000000000000000e+01,8.445761101341208166e-01
5.850000000000000000e+02,5.650000000000000000e+02,4.800000000000000000e+01,8.443734356829075693e-01
5.860000000000000000e+02,5.660000000000000000e+02,1.540000000000000000e+02,8.437235167635244171e-01
5.870000000000000000e+02,5.670000000000000000e+02,4.600000000000000000e+01,8.435294821844128155e-01
5.880000000000000000e+02,5.680000000000000000e+02,4.100000000000000000e+01,8.433565759317941390e-01
5.890000000000000000e+02,5.690000000000000000e+02,3.700000000000000000e+01,8.432005690063140158e-01
5.900000000000000000e+02,5.700000000000000000e+02,4.000000000000000000e+00,8.431837051214134959e-01
5.910000000000000000e+02,5.710000000000000000e+02,1.300000000000000000e+01,8.431288998247583599e-01
5.920000000000000000e+02,5.720000000000000000e+02,5.000000000000000000e+00,8.431078218130437785e-01
5.930000000000000000e+02,5.730000000000000000e+02,3.000000000000000000e+01,8.429813648081406763e-01
5.940000000000000000e+02,5.740000000000000000e+02,4.300000000000000000e+01,8.428001428437095210e-01
5.950000000000000000e+02,5.750000000000000000e+02,4.200000000000000000e+01,8.426231729537749793e-01
5.960000000000000000e+02,5.760000000000000000e+02,5.600000000000000000e+01,8.423872709034186945e-01
5.970000000000000000e+02,5.770000000000000000e+02,1.200000000000000000e+01,8.423367290570801247e-01
5.980000000000000000e+02,5.780000000000000000e+02,1.200000000000000000e+01,8.422861902431689751e-01
5.990000000000000000e+02,5.790000000000000000e+02,5.600000000000000000e+01,8.420503825349993088e-01
6.000000000000000000e+02,5.800000000000000000e+02,1.000000000000000000e+01,8.420082809631664889e-01
6.010000000000000000e+02,5.810000000000000000e+02,5.600000000000000000e+01,8.417725510588963678e-01
6.020000000000000000e+02,5.820000000000000000e+02,7.000000000000000000e+00,8.417430894615360870e-01
6.030000000000000000e+02,5.830000000000000000e+02,8.900000000000000000e+01,8.413685961814233449e-01
6.040000000000000000e+02,5.840000000000000000e+02,6.900000000000000000e+01,8.410783733564969333e-01
6.050000000000000000e+02,5.850000000000000000e+02,2.000000000000000000e+01,8.409942695141631175e-01
6.060000000000000000e+02,5.860000000000000000e+02,9.900000000000000000e+01,8.405780793258441630e-01
6.070000000000000000e+02,5.870000000000000000e+02,4.400000000000000000e+01,8.403931720266710759e-01
6.080000000000000000e+02,5.880000000000000000e+02,7.700000000000000000e+01,8.400696821225152044e-01
6.090000000000000000e+02,5.890000000000000000e+02,1.200000000000000000e+01,8.400192793276795022e-01
6.100000000000000000e+02,5.900000000000000000e+02,7.000000000000000000e+00,8.399898790939093196e-01
6.110000000000000000e+02,5.910000000000000000e+02,6.000000000000000000e+00,8.399646797125305264e-01
6.120000000000000000e+02,5.920000000000000000e+02,5.000000000000000000e+00,8.399436808055276149e-01
6.130000000000000000e+02,5.930000000000000000e+02,6.000000000000000000e+00,8.399184828100800804e-01
6.140000000000000000e+02,5.940000000000000000e+02,3.000000000000000000e+00,8.399058840958316674e-01
6.150000000000000000e+02,5.950000000000000000e+02,1.000000000000000000e+00,8.399016845664111219e-01
6.160000000000000000e+02,5.960000000000000000e+02,6.000000000000000000e+00,8.398764878308349058e-01
6.170000000000000000e+02,5.970000000000000000e+02,5.000000000000000000e+00,8.398554911286070235e-01
6.180000000000000000e+02,5.980000000000000000e+02,1.300000000000000000e+01,8.398009021593716428e-01
6.190000000000000000e+02,5.990000000000000000e+02,1.000000000000000000e+00,8.397967031548607686e-01
6.200000000000000000e+02,6.000000000000000000e+02,6.100000000000000000e+01,8.395406035773184117e-01
6.210000000000000000e+02,6.010000000000000000e+02,1.200000000000000000e+01,8.394902325263224885e-01
6.220000000000000000e+02,6.020000000000000000e+02,2.300000000000000000e+01,8.393936964591710570e-01
6.230000000000000000e+02,6.030000000000000000e+02,1.000000000000000000e+01,8.393517277186534065e-01
6.240000000000000000e+02,6.040000000000000000e+02,6.600000000000000000e+01,8.390747866539401967e-01
6.250000000000000000e+02,6.050000000000000000e+02,7.000000000000000000e+00,8.390454194769175755e-01
6.260000000000000000e+02,6.060000000000000000e+02,2.700000000000000000e+01,8.389321557076043767e-01
6.270000000000000000e+02,6.070000000000000000e+02,1.900000000000000000e+01,8.388524607391451005e-01
6.280000000000000000e+02,6.080000000000000000e+02,7.000000000000000000e+00,8.388231013434127581e-01
6.290000000000000000e+02,6.090000000000000000e+02,9.000000000000000000e+01,8.384457149226521855e-01
6.300000000000000000e+02,6.100000000000000000e+02,6.000000000000000000e+00,8.384205618656194181e-01
6.310000000000000000e+02,6.110000000000000000e+02,2.000000000000000000e+00,8.384121776809612125e-01
6.320000000000000000e+02,6.120000000000000000e+02,2.900000000000000000e+01,8.382906164246978209e-01
6.330000000000000000e+02,6.130000000000000000e+02,1.800000000000000000e+01,8.382151734755951544e-01
6.340000000000000000e+02,6.140000000000000000e+02,1.000000000000000000e+01,8.381732636599006359e-01
6.350000000000000000e+02,6.150000000000000000e+02,1.700000000000000000e+01,8.381020217822071627e-01
6.360000000000000000e+02,6.160000000000000000e+02,3.400000000000000000e+01,8.379595561922570379e-01
6.370000000000000000e+02,6.170000000000000000e+02,2.400000000000000000e+01,8.378590068272223634e-01
6.380000000000000000e+02,6.180000000000000000e+02,1.000000000000000000e+00,8.378548175321881564e-01
6.390000000000000000e+02,6.190000000000000000e+02,1.200000000000000000e+01,8.378045476255733259e-01
6.400000000000000000e+02,6.200000000000000000e+02,4.200000000000000000e+01,8.376286267031116672e-01
6.410000000000000000e+02,6.210000000000000000e+02,8.300000000000000000e+01,8.372810820746640070e-01
6.420000000000000000e+02,6.220000000000000000e+02,4.000000000000000000e+00,8.372643365786139880e-01
6.430000000000000000e+02,6.230000000000000000e+02,1.700000000000000000e+01,8.371931719566317875e-01
6.440000000000000000e+02,6.240000000000000000e+02,2.800000000000000000e+01,8.370759728236895070e-01
6.450000000000000000e+02,6.250000000000000000e+02,2.000000000000000000e+00,8.370676020848881738e-01
6.460000000000000000e+02,6.260000000000000000e+02,9.000000000000000000e+00,8.370299347961459580e-01
6.470000000000000000e+02,6.270000000000000000e+02,1.200000000000000000e+01,8.369797143811342766e-01
6.480000000000000000e+02,6.280000000000000000e+02,5.100000000000000000e+01,8.367663112305152584e-01
6.490000000000000000e+02,6.290000000000000000e+02,6.300000000000000000e+01,8.365027706934378138e-01
6.500000000000000000e+02,6.300000000000000000e+02,2.000000000000000000e+00,8.364944056866434607e-01
6.510000000000000000e+02,6.310000000000000000e+02,4.500000000000000000e+01,8.363062151471154504e-01
6.520000000000000000e+02,6.320000000000000000e+02,1.500000000000000000e+01,8.362434943762355744e-01
6.530000000000000000e+02,6.330000000000000000e+02,1.000000000000000000e+01,8.362016831422778296e-01
6.540000000000000000e+02,6.340000000000000000e+02,3.000000000000000000e+01,8.360762619830748310e-01
6.550000000000000000e+02,6.350000000000000000e+02,4.000000000000000000e+01,8.359090630331315053e-01
6.560000000000000000e+02,6.360000000000000000e+02,5.800000000000000000e+01,8.356666839455685336e-01
6.570000000000000000e+02,6.370000000000000000e+02,8.000000000000000000e+01,8.353324832810747891e-01
6.580000000000000000e+02,6.380000000000000000e+02,2.000000000000000000e+01,8.352489540004562896e-01
6.590000000000000000e+02,6.390000000000000000e+02,3.100000000000000000e+01,8.351195001218852942e-01
6.600000000000000000e+02,6.400000000000000000e+02,1.000000000000000000e+00,8.351153245243846390e-01
6.610000000000000000e+02,6.410000000000000000e+02,1.400000000000000000e+01,8.350568683515168233e-01
6.620000000000000000e+02,6.420000000000000000e+02,2.100000000000000000e+01,8.349691917642489969e-01
6.630000000000000000e+02,6.430000000000000000e+02,2.500000000000000000e+01,8.348648268773067871e-01
6.640000000000000000e+02,6.440000000000000000e+02,1.500000000000000000e+01,8.348022142067631490e-01
6.650000000000000000e+02,6.450000000000000000e+02,3.200000000000000000e+01,8.346686562035191548e-01
6.660000000000000000e+02,6.460000000000000000e+02,2.600000000000000000e+01,8.345601560596235258e-01
6.670000000000000000e+02,6.470000000000000000e+02,1.500000000000000000e+01,8.344975662385916149e-01
6.680000000000000000e+02,6.480000000000000000e+02,4.700000000000000000e+01,8.343014818611297345e-01
6.690000000000000000e+02,6.490000000000000000e+02,3.700000000000000000e+01,8.341471499772940001e-01
6.700000000000000000e+02,6.500000000000000000e+02,2.000000000000000000e+01,8.340637392243761550e-01
6.710000000000000000e+02,6.510000000000000000e+02,1.200000000000000000e+01,8.340136967762044051e-01
6.720000000000000000e+02,6.520000000000000000e+02,1.000000000000000000e+01,8.339719970296183282e-01
6.730000000000000000e+02,6.530000000000000000e+02,2.800000000000000000e+01,8.338552488307274801e-01
6.740000000000000000e+02,6.540000000000000000e+02,2.400000000000000000e+01,8.337551919542574019e-01
6.750000000000000000e+02,6.550000000000000000e+02,3.800000000000000000e+01,8.335967931201536674e-01
6.760000000000000000e+02,6.560000000000000000e+02,1.600000000000000000e+01,8.335301078774356442e-01
6.770000000000000000e+02,6.570000000000000000e+02,8.000000000000000000e+00,8.334967672565855024e-01
6.780000000000000000e+02,6.580000000000000000e+02,5.700000000000000000e+01,8.332592539313882218e-01
6.790000000000000000e+02,6.590000000000000000e+02,1.200000000000000000e+01,8.332092597510067922e-01
6.800000000000000000e+02,6.600000000000000000e+02,5.900000000000000000e+01,8.329634986565196408e-01
6.810000000000000000e+02,6.610000000000000000e+02,3.700000000000000000e+01,8.328094142773003750e-01
6.820000000000000000e+02,6.620000000000000000e+02,1.000000000000000000e+01,8.327677747434844013e-01
6.830000000000000000e+02,6.630000000000000000e+02,3.900000000000000000e+01,8.326054004534800823e-01
6.840000000000000000e+02,6.640000000000000000e+02,2.400000000000000000e+01,8.325054935501914333e-01
6.850000000000000000e+02,6.650000000000000000e+02,2.100000000000000000e+01,8.324180848438836877e-01
6.860000000000000000e+02,6.660000000000000000e+02,3.200000000000000000e+01,8.322849082717757030e-01
6.870000000000000000e+02,6.670000000000000000e+02,3.300000000000000000e+01,8.321475922475032316e-01
6.880000000000000000e+02,6.680000000000000000e+02,4.000000000000000000e+01,8.319811789549029779e-01
6.890000000000000000e+02,6.690000000000000000e+02,3.700000000000000000e+01,8.318272762884737492e-01
6.900000000000000000e+02,6.700000000000000000e+02,7.000000000000000000e+00,8.317981627705089975e-01
6.910000000000000000e+02,6.710000000000000000e+02,5.400000000000000000e+01,8.315736070215598019e-01
6.920000000000000000e+02,6.720000000000000000e+02,4.000000000000000000e+00,8.315569756741548746e-01
6.930000000000000000e+02,6.730000000000000000e+02,1.460000000000000000e+02,8.309501590798707982e-01
6.940000000000000000e+02,6.740000000000000000e+02,3.700000000000000000e+01,8.307964471349533753e-01
6.950000000000000000e+02,6.750000000000000000e+02,9.000000000000000000e+00,8.307590620425402417e-01
6.960000000000000000e+02,6.760000000000000000e+02,3.200000000000000000e+01,8.306261508935096627e-01
6.970000000000000000e+02,6.770000000000000000e+02,1.300000000000000000e+01,8.305721618133925510e-01
6.980000000000000000e+02,6.780000000000000000e+02,8.000000000000000000e+00,8.305389395083145887e-01
6.990000000000000000e+02,6.790000000000000000e+02,9.900000000000000000e+01,8.301279234405835039e-01
7.000000000000000000e+02,6.800000000000000000e+02,5.400000000000000000e+01,8.299038185965059711e-01
7.010000000000000000e+02,6.810000000000000000e+02,1.000000000000000000e+00,8.298996690774129714e-01
7.020000000000000000e+02,6.820000000000000000e+02,5.800000000000000000e+01,8.296590324657820981e-01
7.030000000000000000e+02,6.830000000000000000e+02,2.900000000000000000e+01,8.295387403267340254e-01
7.040000000000000000e+02,6.840000000000000000e+02,8.000000000000000000e+01,8.292069903556431587e-01
7.050000000000000000e+02,6.850000000000000000e+02,4.600000000000000000e+01,8.290162942020178338e-01
7.060000000000000000e+02,6.860000000000000000e+02,8.100000000000000000e+01,8.286806097443429886e-01
7.070000000000000000e+02,6.870000000000000000e+02,6.600000000000000000e+01,8.284071895763837068e-01
7.080000000000000000e+02,6.880000000000000000e+02,2.200000000000000000e+01,8.283160695694214981e-01
7.090000000000000000e+02,6.890000000000000000e+02,9.000000000000000000e+00,8.282787960917663561e-01
7.100000000000000000e+02,6.900000000000000000e+02,1.400000000000000000e+01,8.282208184603359058e-01
7.110000000000000000e+02,6.910000000000000000e+02,3.600000000000000000e+01,8.280717517567508512e-01
7.120000000000000000e+02,6.920000000000000000e+02,1.700000000000000000e+01,8.280013684732244750e-01
7.130000000000000000e+02,6.930000000000000000e+02,2.000000000000000000e+01,8.279185722692650184e-01
7.140000000000000000e+02,6.940000000000000000e+02,3.300000000000000000e+01,8.277819766328002871e-01
7.150000000000000000e+02,6.950000000000000000e+02,7.200000000000000000e+01,8.274840280103080703e-01
7.160000000000000000e+02,6.960000000000000000e+02,2.200000000000000000e+01,8.273930095457870948e-01
7.170000000000000000e+02,6.970000000000000000e+02,4.600000000000000000e+01,8.272027305608143921e-01
7.180000000000000000e+02,6.980000000000000000e+02,1.200000000000000000e+01,8.271530997618424808e-01
7.190000000000000000e+02,6.990000000000000000e+02,3.500000000000000000e+01,8.270083602726088223e-01
7.200000000000000000e+02,7.000000000000000000e+02,1.200000000000000000e+01,8.269587411355334705e-01
7.210000000000000000e+02,7.010000000000000000e+02,2.500000000000000000e+01,8.268553774948438351e-01
7.220000000000000000e+02,7.020000000000000000e+02,4.900000000000000000e+01,8.266528222350002508e-01
7.230000000000000000e+02,7.030000000000000000e+02,3.600000000000000000e+01,8.265040377460413090e-01
7.240000000000000000e+02,7.040000000000000000e+02,5.700000000000000000e+01,8.262685170697704473e-01
7.250000000000000000e+02,7.050000000000000000e+02,3.600000000000000000e+01,8.261198017496885759e-01
7.260000000000000000e+02,7.060000000000000000e+02,3.900000000000000000e+01,8.259587236912723229e-01
7.270000000000000000e+02,7.070000000000000000e+02,1.000000000000000000e+01,8.259174266842785883e-01
7.280000000000000000e+02,7.080000000000000000e+02,3.000000000000000000e+00,8.259050379848218437e-01
7.290000000000000000e+02,7.090000000000000000e+02,1.200000000000000000e+01,8.258554850452631824e-01
7.300000000000000000e+02,7.100000000000000000e+02,7.000000000000000000e+00,8.258265805368569801e-01
7.310000000000000000e+02,7.110000000000000000e+02,2.500000000000000000e+01,8.257233584077514621e-01
7.320000000000000000e+02,7.120000000000000000e+02,3.600000000000000000e+01,8.255747412076428482e-01
7.330000000000000000e+02,7.130000000000000000e+02,4.500000000000000000e+01,8.253890073223806301e-01
7.340000000000000000e+02,7.140000000000000000e+02,2.800000000000000000e+01,8.252734606609428702e-01
7.350000000000000000e+02,7.150000000000000000e+02,5.100000000000000000e+01,8.250630422319162882e-01
7.360000000000000000e+02,7.160000000000000000e+02,1.400000000000000000e+01,8.250052896959404469e-01
7.370000000000000000e+02,7.170000000000000000e+02,9.000000000000000000e+00,8.249681652003998389e-01
7.380000000000000000e+02,7.180000000000000000e+02,1.800000000000000000e+01,8.248939212209503991e-01
7.390000000000000000e+02,7.190000000000000000e+02,7.000000000000000000e+00,8.248650503667730449e-01
7.400000000000000000e+02,7.200000000000000000e+02,3.400000000000000000e+01,8.247248348763250858e-01
7.410000000000000000e+02,7.210000000000000000e+02,5.000000000000000000e+00,8.247042169616332075e-01
7.420000000000000000e+02,7.220000000000000000e+02,6.100000000000000000e+01,8.244527199019661134e-01
7.430000000000000000e+02,7.230000000000000000e+02,3.900000000000000000e+01,8.242919668936286026e-01
7.440000000000000000e+02,7.240000000000000000e+02,7.000000000000000000e+00,8.242631171075367469e-01
7.450000000000000000e+02,7.250000000000000000e+02,3.000000000000000000e+01,8.241394866034130740e-01
7.460000000000000000e+02,7.260000000000000000e+02,2.900000000000000000e+01,8.240199947424939886e-01
7.470000000000000000e+02,7.270000000000000000e+02,1.500000000000000000e+01,8.239581954058936564e-01
7.480000000000000000e+02,7.280000000000000000e+02,2.700000000000000000e+01,8.238469682794453686e-01
7.490000000000000000e+02,7.290000000000000000e+02,2.900000000000000000e+01,8.237275188307144891e-01
7.500000000000000000e+02,7.300000000000000000e+02,1.000000000000000000e+01,8.236863333814536947e-01
7.510000000000000000e+02,7.310000000000000000e+02,1.700000000000000000e+01,8.236163228435793293e-01
7.520000000000000000e+02,7.320000000000000000e+02,3.000000000000000000e+01,8.234927893515614494e-01
7.530000000000000000e+02,7.330000000000000000e+02,1.400000000000000000e+01,8.234351467297150728e-01
7.540000000000000000e+02,7.340000000000000000e+02,3.700000000000000000e+01,8.232828249369646967e-01
7.550000000000000000e+02,7.350000000000000000e+02,3.500000000000000000e+01,8.231387626882582520e-01
7.560000000000000000e+02,7.360000000000000000e+02,1.500000000000000000e+01,8.230770294417488753e-01
7.570000000000000000e+02,7.370000000000000000e+02,2.300000000000000000e+01,8.229823807891425425e-01
7.580000000000000000e+02,7.380000000000000000e+02,2.400000000000000000e+01,8.228836285818174057e-01
7.590000000000000000e+02,7.390000000000000000e+02,7.100000000000000000e+01,8.225915560094354539e-01
7.600000000000000000e+02,7.400000000000000000e+02,1.000000000000000000e+01,8.225504273570380942e-01
7.610000000000000000e+02,7.410000000000000000e+02,6.500000000000000000e+01,8.222831412362765491e-01
7.620000000000000000e+02,7.420000000000000000e+02,8.800000000000000000e+01,8.219214153353485708e-01
7.630000000000000000e+02,7.430000000000000000e+02,5.200000000000000000e+01,8.217077430117840642e-01
7.640000000000000000e+02,7.440000000000000000e+02,1.400000000000000000e+01,8.216502253391205768e-01
7.650000000000000000e+02,7.450000000000000000e+02,2.400000000000000000e+01,8.215516329812576624e-01
7.660000000000000000e+02,7.460000000000000000e+02,1.300000000000000000e+01,8.214982337271098389e-01
7.670000000000000000e+02,7.470000000000000000e+02,2.000000000000000000e+00,8.214900187653100261e-01
7.680000000000000000e+02,7.480000000000000000e+02,3.900000000000000000e+01,8.213298434288138772e-01
7.690000000000000000e+02,7.490000000000000000e+02,4.400000000000000000e+01,8.211491702863494835e-01
7.700000000000000000e+02,7.500000000000000000e+02,8.000000000000000000e+00,8.211163248943365023e-01
7.710000000000000000e+02,7.510000000000000000e+02,4.700000000000000000e+01,8.209233847469896705e-01
7.720000000000000000e+02,7.520000000000000000e+02,5.000000000000000000e+01,8.207181790395688958e-01
7.730000000000000000e+02,7.530000000000000000e+02,2.400000000000000000e+01,8.206196985208310535e-01
7.740000000000000000e+02,7.540000000000000000e+02,3.000000000000000000e+00,8.206073892868994690e-01
7.750000000000000000e+02,7.550000000000000000e+02,2.200000000000000000e+01,8.205171272129271332e-01
7.760000000000000000e+02,7.560000000000000000e+02,3.300000000000000000e+01,8.203817527172025947e-01
7.770000000000000000e+02,7.570000000000000000e+02,3.900000000000000000e+01,8.202217934720567039e-01
7.780000000000000000e+02,7.580000000000000000e+02,1.080000000000000000e+02,8.197789921636881028e-01
7.790000000000000000e+02,7.590000000000000000e+02,2.300000000000000000e+01,8.196847227645092104e-01
7.800000000000000000e+02,7.600000000000000000e+02,1.000000000000000000e+00,8.196806243408953918e-01
7.810000000000000000e+02,7.610000000000000000e+02,2.500000000000000000e+01,8.195781704102209630e-01
