5.000000000000000000e+02,8.093909263610839844e+00,1.000000000000000021e-02
1.000000000000000000e+03,4.426042556762695312e+00,1.000000000000000021e-02
1.500000000000000000e+03,5.603353977203369141e-01,1.000000000000000021e-02
2.000000000000000000e+03,2.127501219511032104e-01,1.000000000000000021e-02
2.500000000000000000e+03,9.816347062587738037e-02,1.000000000000000021e-02
3.000000000000000000e+03,4.768775403499603271e-01,1.000000000000000021e-02
3.500000000000000000e+03,6.106763482093811035e-01,1.000000000000000021e-02
4.000000000000000000e+03,2.495033442974090576e-01,1.000000000000000021e-02
4.500000000000000000e+03,1.541120707988739014e-01,1.000000000000000021e-02
5.000000000000000000e+03,3.037286996841430664e-01,1.000000000000000021e-02
5.500000000000000000e+03,9.175322204828262329e-02,1.000000000000000021e-02
6.000000000000000000e+03,1.428160965442657471e-01,1.000000000000000021e-02
6.500000000000000000e+03,9.705349802970886230e-02,1.000000000000000021e-02
7.000000000000000000e+03,1.591169536113739014e-01,1.000000000000000021e-02
7.500000000000000000e+03,5.454029887914657593e-02,1.000000000000000021e-02
8.000000000000000000e+03,1.653629839420318604e-01,1.000000000000000021e-02
8.500000000000000000e+03,1.686631292104721069e-01,1.000000000000000021e-02
9.000000000000000000e+03,2.764919027686119080e-02,1.000000000000000021e-02
9.500000000000000000e+03,2.481311559677124023e-01,1.000000000000000021e-02
1.000000000000000000e+04,1.232194155454635620e-01,1.000000000000000021e-02
1.050000000000000000e+04,1.063888669013977051e-01,1.000000000000000021e-02
1.100000000000000000e+04,6.749726831912994385e-02,1.000000000000000021e-02
1.150000000000000000e+04,1.056128442287445068e-01,1.000000000000000021e-02
1.200000000000000000e+04,2.033203393220901489e-01,1.000000000000000021e-02
1.250000000000000000e+04,1.727314591407775879e-01,1.000000000000000021e-02
1.300000000000000000e+04,1.151882112026214600e-01,1.000000000000000021e-02
1.350000000000000000e+04,3.286619111895561218e-02,1.000000000000000021e-02
1.400000000000000000e+04,7.589835673570632935e-02,1.000000000000000021e-02
1.450000000000000000e+04,6.774184852838516235e-02,1.000000000000000021e-02
1.500000000000000000e+04,1.418035924434661865e-01,1.000000000000000021e-02
1.550000000000000000e+04,8.083693683147430420e-02,1.000000000000000021e-02
1.600000000000000000e+04,1.549566686153411865e-01,1.000000000000000021e-02
1.650000000000000000e+04,1.369456648826599121e-01,1.000000000000000021e-02
1.700000000000000000e+04,2.687001600861549377e-02,1.000000000000000021e-02
1.750000000000000000e+04,9.761026501655578613e-02,1.000000000000000021e-02
1.800000000000000000e+04,1.088155061006546021e-01,1.000000000000000021e-02
1.850000000000000000e+04,1.887052208185195923e-01,1.000000000000000021e-02
1.900000000000000000e+04,2.166292816400527954e-01,1.000000000000000021e-02
1.950000000000000000e+04,3.599468171596527100e-01,1.000000000000000021e-02
2.000000000000000000e+04,2.393027544021606445e-01,1.000000000000000021e-02
2.050000000000000000e+04,2.671840488910675049e-01,1.000000000000000021e-02
2.100000000000000000e+04,3.585986420512199402e-02,1.000000000000000021e-02
2.150000000000000000e+04,2.148053348064422607e-01,1.000000000000000021e-02
2.200000000000000000e+04,1.425100862979888916e-02,1.000000000000000021e-02
2.250000000000000000e+04,1.848699748516082764e-01,1.000000000000000021e-02
2.300000000000000000e+04,1.279519051313400269e-01,1.000000000000000021e-02
2.350000000000000000e+04,1.869230344891548157e-02,1.000000000000000021e-02
2.400000000000000000e+04,2.643188461661338806e-02,1.000000000000000021e-02
2.450000000000000000e+04,6.082956865429878235e-02,1.000000000000000021e-02
2.500000000000000000e+04,8.307518064975738525e-02,1.000000000000000021e-02
2.550000000000000000e+04,1.271742731332778931e-01,1.000000000000000021e-02
2.600000000000000000e+04,6.512547284364700317e-02,1.000000000000000021e-02
2.650000000000000000e+04,1.555439531803131104e-01,1.000000000000000021e-02
2.700000000000000000e+04,9.272472560405731201e-02,1.000000000000000021e-02
2.750000000000000000e+04,1.339064389467239380e-01,1.000000000000000021e-02
2.800000000000000000e+04,6.031867861747741699e-02,1.000000000000000021e-02
2.850000000000000000e+04,5.344079807400703430e-02,1.000000000000000021e-02
2.900000000000000000e+04,1.130654364824295044e-01,1.000000000000000021e-02
2.950000000000000000e+04,4.387121275067329407e-02,1.000000000000000021e-02
3.000000000000000000e+04,1.832622289657592773e-02,1.000000000000000021e-02
3.050000000000000000e+04,1.402978748083114624e-01,1.000000000000000021e-02
3.100000000000000000e+04,7.876536250114440918e-02,1.000000000000000021e-02
3.150000000000000000e+04,1.464556157588958740e-01,1.000000000000000021e-02
3.200000000000000000e+04,1.105104163289070129e-01,1.000000000000000021e-02
3.250000000000000000e+04,7.974683493375778198e-02,1.000000000000000021e-02
3.300000000000000000e+04,2.776328288018703461e-02,1.000000000000000021e-02
3.350000000000000000e+04,2.488349825143814087e-01,1.000000000000000021e-02
3.400000000000000000e+04,2.847533486783504486e-02,1.000000000000000021e-02
3.450000000000000000e+04,6.366389244794845581e-02,1.000000000000000021e-02
3.500000000000000000e+04,7.234373688697814941e-02,1.000000000000000021e-02
3.550000000000000000e+04,8.013501763343811035e-02,1.000000000000000021e-02
3.600000000000000000e+04,1.944160014390945435e-01,1.000000000000000021e-02
3.650000000000000000e+04,2.779011614620685577e-02,1.000000000000000021e-02
3.700000000000000000e+04,7.929314672946929932e-02,1.000000000000000021e-02
3.750000000000000000e+04,8.140335977077484131e-02,1.000000000000000021e-02
3.800000000000000000e+04,1.203776970505714417e-01,1.000000000000000021e-02
3.850000000000000000e+04,1.094111278653144836e-01,1.000000000000000021e-02
3.900000000000000000e+04,1.468372195959091187e-01,1.000000000000000021e-02
3.950000000000000000e+04,8.113845437765121460e-02,1.000000000000000021e-02
4.000000000000000000e+04,1.061908900737762451e-01,1.000000000000000021e-02
4.050000000000000000e+04,7.528983056545257568e-02,1.000000000000000021e-02
4.100000000000000000e+04,2.681302726268768311e-01,1.000000000000000021e-02
4.150000000000000000e+04,5.899327248334884644e-02,1.000000000000000021e-02
4.200000000000000000e+04,1.100677847862243652e-01,1.000000000000000021e-02
4.250000000000000000e+04,6.106756255030632019e-02,1.000000000000000021e-02
4.300000000000000000e+04,3.479243442416191101e-02,1.000000000000000021e-02
4.350000000000000000e+04,1.609554886817932129e-01,1.000000000000000021e-02
4.400000000000000000e+04,8.085936307907104492e-03,1.000000000000000021e-02
4.450000000000000000e+04,9.541450440883636475e-02,1.000000000000000021e-02
4.500000000000000000e+04,2.885496020317077637e-01,1.000000000000000021e-02
4.550000000000000000e+04,9.707182645797729492e-02,1.000000000000000021e-02
4.600000000000000000e+04,1.029828377068042755e-02,1.000000000000000021e-02
4.650000000000000000e+04,7.944679260253906250e-02,1.000000000000000021e-02
4.700000000000000000e+04,3.205425664782524109e-02,1.000000000000000021e-02
4.750000000000000000e+04,1.228446811437606812e-01,1.000000000000000021e-02
4.800000000000000000e+04,1.504049599170684814e-01,1.000000000000000021e-02
4.850000000000000000e+04,9.286933392286300659e-02,1.000000000000000021e-02
4.900000000000000000e+04,1.787615418434143066e-01,1.000000000000000021e-02
4.950000000000000000e+04,6.152500212192535400e-02,1.000000000000000021e-02
5.000000000000000000e+04,2.258607372641563416e-02,1.000000000000000021e-02
5.050000000000000000e+04,1.182526648044586182e-01,1.000000000000000021e-02
5.100000000000000000e+04,1.718495339155197144e-01,1.000000000000000021e-02
5.150000000000000000e+04,1.396178305149078369e-01,1.000000000000000021e-02
5.200000000000000000e+04,2.836431190371513367e-02,1.000000000000000021e-02
5.250000000000000000e+04,1.209120973944664001e-01,1.000000000000000021e-02
5.300000000000000000e+04,2.077488899230957031e-01,1.000000000000000021e-02
5.350000000000000000e+04,1.308481842279434204e-01,1.000000000000000021e-02
5.400000000000000000e+04,9.153585880994796753e-03,1.000000000000000021e-02
5.450000000000000000e+04,5.049630254507064819e-02,1.000000000000000021e-02
5.500000000000000000e+04,5.265012383460998535e-02,1.000000000000000021e-02
5.550000000000000000e+04,3.960331529378890991e-02,1.000000000000000021e-02
5.600000000000000000e+04,9.790318459272384644e-02,1.000000000000000021e-02
5.650000000000000000e+04,9.802490472793579102e-02,1.000000000000000021e-02
5.700000000000000000e+04,8.706688880920410156e-02,1.000000000000000021e-02
5.750000000000000000e+04,1.188873648643493652e-01,1.000000000000000021e-02
5.800000000000000000e+04,1.590538024902343750e-01,1.000000000000000021e-02
5.850000000000000000e+04,6.725170463323593140e-02,1.000000000000000021e-02
5.900000000000000000e+04,6.743006408214569092e-02,1.000000000000000021e-02
5.950000000000000000e+04,4.315687716007232666e-02,1.000000000000000021e-02
6.000000000000000000e+04,3.208295628428459167e-02,1.000000000000000021e-02
6.050000000000000000e+04,2.147866338491439819e-01,1.000000000000000021e-02
6.100000000000000000e+04,4.568921774625778198e-02,1.000000000000000021e-02
6.150000000000000000e+04,2.268304117023944855e-02,1.000000000000000021e-02
6.200000000000000000e+04,1.205017194151878357e-01,1.000000000000000021e-02
6.250000000000000000e+04,9.870490431785583496e-02,1.000000000000000021e-02
6.300000000000000000e+04,8.941768109798431396e-02,1.000000000000000021e-02
6.350000000000000000e+04,1.979242637753486633e-02,1.000000000000000021e-02
6.400000000000000000e+04,2.238976955413818359e-01,1.000000000000000021e-02
6.450000000000000000e+04,4.100013524293899536e-02,1.000000000000000021e-02
6.500000000000000000e+04,8.058113604784011841e-02,1.000000000000000021e-02
6.550000000000000000e+04,1.454575359821319580e-01,1.000000000000000021e-02
6.600000000000000000e+04,7.373049855232238770e-02,1.000000000000000021e-02
6.650000000000000000e+04,2.508569322526454926e-02,1.000000000000000021e-02
6.700000000000000000e+04,3.067132085561752319e-02,1.000000000000000021e-02
6.750000000000000000e+04,1.933127641677856445e-02,1.000000000000000021e-02
6.800000000000000000e+04,5.601743608713150024e-02,1.000000000000000021e-02
6.850000000000000000e+04,4.928442090749740601e-02,1.000000000000000021e-02
6.900000000000000000e+04,1.017140150070190430e-01,1.000000000000000021e-02
6.950000000000000000e+04,4.910250380635261536e-02,1.000000000000000021e-02
7.000000000000000000e+04,7.889527082443237305e-02,1.000000000000000021e-02
7.050000000000000000e+04,9.812267869710922241e-02,1.000000000000000021e-02
7.100000000000000000e+04,1.258340924978256226e-01,1.000000000000000021e-02
7.150000000000000000e+04,1.002660617232322693e-01,1.000000000000000021e-02
7.200000000000000000e+04,1.477213352918624878e-01,1.000000000000000021e-02
7.250000000000000000e+04,2.154782265424728394e-01,1.000000000000000021e-02
7.300000000000000000e+04,4.600819200277328491e-02,1.000000000000000021e-02
7.350000000000000000e+04,4.108565300703048706e-02,1.000000000000000021e-02
7.400000000000000000e+04,9.631966799497604370e-02,1.000000000000000021e-02
7.450000000000000000e+04,9.584211558103561401e-02,1.000000000000000021e-02
7.500000000000000000e+04,1.483113318681716919e-01,1.000000000000000021e-02
7.550000000000000000e+04,1.345484703779220581e-01,1.000000000000000021e-02
7.600000000000000000e+04,3.736764192581176758e-02,1.000000000000000021e-02
7.650000000000000000e+04,2.257633954286575317e-02,1.000000000000000021e-02
7.700000000000000000e+04,5.910715088248252869e-02,1.000000000000000021e-02
7.750000000000000000e+04,1.096328124403953552e-01,1.000000000000000021e-02
7.800000000000000000e+04,9.837131202220916748e-02,1.000000000000000021e-02
7.850000000000000000e+04,4.243005067110061646e-02,1.000000000000000021e-02
7.900000000000000000e+04,3.074133396148681641e-02,1.000000000000000021e-02
7.950000000000000000e+04,1.493159234523773193e-01,1.000000000000000021e-02
8.000000000000000000e+04,3.768182918429374695e-02,1.000000000000000021e-02
8.050000000000000000e+04,5.137021094560623169e-02,1.000000000000000021e-02
8.100000000000000000e+04,4.839020594954490662e-02,1.000000000000000021e-02
8.150000000000000000e+04,9.252670407295227051e-02,1.000000000000000021e-02
8.200000000000000000e+04,8.538971841335296631e-02,1.000000000000000021e-02
8.250000000000000000e+04,1.432621851563453674e-02,1.000000000000000021e-02
8.300000000000000000e+04,1.105736494064331055e-01,1.000000000000000021e-02
8.350000000000000000e+04,9.121999889612197876e-02,1.000000000000000021e-02
8.400000000000000000e+04,2.061789855360984802e-02,1.000000000000000021e-02
8.450000000000000000e+04,4.682773351669311523e-02,1.000000000000000021e-02
8.500000000000000000e+04,2.346860617399215698e-01,1.000000000000000021e-02
8.550000000000000000e+04,7.426917552947998047e-02,1.000000000000000021e-02
8.600000000000000000e+04,6.006439030170440674e-02,1.000000000000000021e-02
8.650000000000000000e+04,3.886791318655014038e-02,1.000000000000000021e-02
8.700000000000000000e+04,7.386289536952972412e-02,1.000000000000000021e-02
8.750000000000000000e+04,6.420886516571044922e-02,1.000000000000000021e-02
8.800000000000000000e+04,6.467704474925994873e-02,1.000000000000000021e-02
8.850000000000000000e+04,5.342914536595344543e-02,1.000000000000000021e-02
8.900000000000000000e+04,6.354649364948272705e-02,1.000000000000000021e-02
8.950000000000000000e+04,8.996421471238136292e-03,1.000000000000000021e-02
9.000000000000000000e+04,1.279710233211517334e-01,1.000000000000000021e-02
9.050000000000000000e+04,8.235161006450653076e-02,1.000000000000000021e-02
9.100000000000000000e+04,2.078730799257755280e-02,1.000000000000000021e-02
9.150000000000000000e+04,6.757968664169311523e-02,1.000000000000000021e-02
9.200000000000000000e+04,1.435447297990322113e-02,1.000000000000000021e-02
9.250000000000000000e+04,2.209402248263359070e-02,1.000000000000000021e-02
9.300000000000000000e+04,1.152271404862403870e-01,1.000000000000000021e-02
9.350000000000000000e+04,3.083498030900955200e-02,1.000000000000000021e-02
9.400000000000000000e+04,5.802536755800247192e-02,1.000000000000000021e-02
9.450000000000000000e+04,3.815569728612899780e-02,1.000000000000000021e-02
9.500000000000000000e+04,4.702237993478775024e-02,1.000000000000000021e-02
9.550000000000000000e+04,5.594319477677345276e-02,1.000000000000000021e-02
9.600000000000000000e+04,1.960538327693939209e-02,1.000000000000000021e-02
9.650000000000000000e+04,5.376571416854858398e-02,1.000000000000000021e-02
9.700000000000000000e+04,4.230226948857307434e-02,1.000000000000000021e-02
9.750000000000000000e+04,4.984070360660552979e-02,1.000000000000000021e-02
9.800000000000000000e+04,4.900649935007095337e-02,1.000000000000000021e-02
9.850000000000000000e+04,1.861696690320968628e-02,1.000000000000000021e-02
9.900000000000000000e+04,8.105511218309402466e-02,1.000000000000000021e-02
9.950000000000000000e+04,8.020032942295074463e-02,1.000000000000000021e-02
1.000000000000000000e+05,1.278879940509796143e-01,1.000000000000000021e-02
1.005000000000000000e+05,5.360472202301025391e-02,1.000000000000000021e-02
1.010000000000000000e+05,1.087174639105796814e-01,1.000000000000000021e-02
1.015000000000000000e+05,2.927706390619277954e-02,1.000000000000000021e-02
1.020000000000000000e+05,6.243756785988807678e-02,1.000000000000000021e-02
1.025000000000000000e+05,4.422559216618537903e-02,1.000000000000000021e-02
1.030000000000000000e+05,9.535675495862960815e-02,1.000000000000000021e-02
1.035000000000000000e+05,2.330845221877098083e-02,1.000000000000000021e-02
1.040000000000000000e+05,2.841209247708320618e-02,1.000000000000000021e-02
1.045000000000000000e+05,6.149475648999214172e-02,1.000000000000000021e-02
1.050000000000000000e+05,3.248458728194236755e-02,1.000000000000000021e-02
1.055000000000000000e+05,7.387454807758331299e-02,1.000000000000000021e-02
1.060000000000000000e+05,6.449114531278610229e-02,1.000000000000000021e-02
1.065000000000000000e+05,4.629097878932952881e-02,1.000000000000000021e-02
1.070000000000000000e+05,1.208446770906448364e-01,1.000000000000000021e-02
1.075000000000000000e+05,2.536595985293388367e-02,1.000000000000000021e-02
1.080000000000000000e+05,5.905508249998092651e-02,1.000000000000000021e-02
1.085000000000000000e+05,3.810881078243255615e-02,1.000000000000000021e-02
1.090000000000000000e+05,1.030778735876083374e-01,1.000000000000000021e-02
1.095000000000000000e+05,6.044851616024971008e-02,1.000000000000000021e-02
1.100000000000000000e+05,1.939893141388893127e-02,1.000000000000000021e-02
1.105000000000000000e+05,3.324257582426071167e-02,1.000000000000000021e-02
1.110000000000000000e+05,5.176864564418792725e-02,1.000000000000000021e-02
1.115000000000000000e+05,2.520553022623062134e-02,1.000000000000000021e-02
1.120000000000000000e+05,1.285095810890197754e-01,1.000000000000000021e-02
1.125000000000000000e+05,4.344870150089263916e-02,1.000000000000000021e-02
1.130000000000000000e+05,1.547052711248397827e-02,1.000000000000000021e-02
1.135000000000000000e+05,4.452486336231231689e-02,1.000000000000000021e-02
1.140000000000000000e+05,7.424264401197433472e-02,1.000000000000000021e-02
1.145000000000000000e+05,2.396492473781108856e-02,1.000000000000000021e-02
1.150000000000000000e+05,6.022043526172637939e-02,1.000000000000000021e-02
1.155000000000000000e+05,3.306749835610389709e-02,1.000000000000000021e-02
1.160000000000000000e+05,8.927559852600097656e-02,1.000000000000000021e-02
1.165000000000000000e+05,4.741716384887695312e-02,1.000000000000000021e-02
1.170000000000000000e+05,3.222088143229484558e-02,1.000000000000000021e-02
1.175000000000000000e+05,2.516207098960876465e-02,1.000000000000000021e-02
1.180000000000000000e+05,1.855534501373767853e-02,1.000000000000000021e-02
1.185000000000000000e+05,3.359524905681610107e-02,1.000000000000000021e-02
1.190000000000000000e+05,1.508432924747467041e-01,1.000000000000000021e-02
1.195000000000000000e+05,4.973524063825607300e-02,1.000000000000000021e-02
1.200000000000000000e+05,1.028967350721359253e-01,1.000000000000000021e-02
1.205000000000000000e+05,2.752365544438362122e-02,1.000000000000000021e-02
1.210000000000000000e+05,1.208905577659606934e-01,1.000000000000000021e-02
1.215000000000000000e+05,3.694526851177215576e-02,1.000000000000000021e-02
1.220000000000000000e+05,9.785792976617813110e-02,1.000000000000000021e-02
1.225000000000000000e+05,4.370283335447311401e-02,1.000000000000000021e-02
1.230000000000000000e+05,9.644331037998199463e-02,1.000000000000000021e-02
1.235000000000000000e+05,5.895867571234703064e-02,1.000000000000000021e-02
1.240000000000000000e+05,7.607591152191162109e-02,1.000000000000000021e-02
1.245000000000000000e+05,4.938645660877227783e-02,1.000000000000000021e-02
1.250000000000000000e+05,2.806333824992179871e-02,1.000000000000000021e-02
1.255000000000000000e+05,7.987055927515029907e-02,1.000000000000000021e-02
1.260000000000000000e+05,4.305501654744148254e-02,1.000000000000000021e-02
1.265000000000000000e+05,6.908711791038513184e-02,1.000000000000000021e-02
1.270000000000000000e+05,1.671651378273963928e-02,1.000000000000000021e-02
1.275000000000000000e+05,8.951755613088607788e-02,1.000000000000000021e-02
1.280000000000000000e+05,2.320187725126743317e-02,1.000000000000000021e-02
1.285000000000000000e+05,1.086095124483108521e-01,1.000000000000000021e-02
1.290000000000000000e+05,5.236226320266723633e-02,1.000000000000000021e-02
1.295000000000000000e+05,9.829099476337432861e-02,1.000000000000000021e-02
1.300000000000000000e+05,2.414272911846637726e-02,1.000000000000000021e-02
1.305000000000000000e+05,2.375090867280960083e-02,1.000000000000000021e-02
1.310000000000000000e+05,4.519548267126083374e-02,1.000000000000000021e-02
1.315000000000000000e+05,1.111426390707492828e-02,1.000000000000000021e-02
1.320000000000000000e+05,6.460721045732498169e-02,1.000000000000000021e-02
1.325000000000000000e+05,2.324325740337371826e-01,1.000000000000000021e-02
1.330000000000000000e+05,3.056853078305721283e-02,1.000000000000000021e-02
1.335000000000000000e+05,5.303193628787994385e-02,1.000000000000000021e-02
1.340000000000000000e+05,8.545233309268951416e-02,1.000000000000000021e-02
1.345000000000000000e+05,1.053906604647636414e-02,1.000000000000000021e-02
1.350000000000000000e+05,4.351979494094848633e-02,1.000000000000000021e-02
1.355000000000000000e+05,6.330791115760803223e-02,1.000000000000000021e-02
1.360000000000000000e+05,6.267229467630386353e-02,1.000000000000000021e-02
1.365000000000000000e+05,3.857047110795974731e-02,1.000000000000000021e-02
1.370000000000000000e+05,3.136913478374481201e-02,1.000000000000000021e-02
1.375000000000000000e+05,1.750831119716167450e-02,1.000000000000000021e-02
1.380000000000000000e+05,4.017504304647445679e-02,1.000000000000000021e-02
1.385000000000000000e+05,7.917235046625137329e-02,1.000000000000000021e-02
1.390000000000000000e+05,3.921855241060256958e-02,1.000000000000000021e-02
1.395000000000000000e+05,5.642963573336601257e-02,1.000000000000000021e-02
1.400000000000000000e+05,6.328360736370086670e-02,1.000000000000000021e-02
1.405000000000000000e+05,7.052794843912124634e-02,1.000000000000000021e-02
1.410000000000000000e+05,5.786748975515365601e-02,1.000000000000000021e-02
1.415000000000000000e+05,3.208354115486145020e-02,1.000000000000000021e-02
1.420000000000000000e+05,1.098673492670059204e-01,1.000000000000000021e-02
1.425000000000000000e+05,2.920257858932018280e-02,1.000000000000000021e-02
1.430000000000000000e+05,1.780057884752750397e-02,1.000000000000000021e-02
1.435000000000000000e+05,7.636793702840805054e-02,1.000000000000000021e-02
1.440000000000000000e+05,1.854800432920455933e-02,1.000000000000000021e-02
1.445000000000000000e+05,8.428771793842315674e-02,1.000000000000000021e-02
1.450000000000000000e+05,1.626129820942878723e-02,1.000000000000000021e-02
1.455000000000000000e+05,5.218113958835601807e-02,1.000000000000000021e-02
1.460000000000000000e+05,2.035125717520713806e-02,1.000000000000000021e-02
1.465000000000000000e+05,2.162927985191345215e-01,1.000000000000000021e-02
1.470000000000000000e+05,3.782950341701507568e-02,1.000000000000000021e-02
1.475000000000000000e+05,3.030330128967761993e-02,1.000000000000000021e-02
1.480000000000000000e+05,2.214358747005462646e-02,1.000000000000000021e-02
1.485000000000000000e+05,2.740979008376598358e-02,1.000000000000000021e-02
1.490000000000000000e+05,8.468797802925109863e-02,1.000000000000000021e-02
1.495000000000000000e+05,1.302239745855331421e-01,1.000000000000000021e-02
1.500000000000000000e+05,7.218606770038604736e-02,1.000000000000000021e-02
1.505000000000000000e+05,1.885308325290679932e-02,1.000000000000000021e-02
1.510000000000000000e+05,2.038289420306682587e-02,1.000000000000000021e-02
1.515000000000000000e+05,1.031108014285564423e-02,1.000000000000000021e-02
1.520000000000000000e+05,2.714214660227298737e-02,1.000000000000000021e-02
1.525000000000000000e+05,3.867484256625175476e-02,1.000000000000000021e-02
1.530000000000000000e+05,1.952842622995376587e-02,1.000000000000000021e-02
1.535000000000000000e+05,9.110895916819572449e-03,1.000000000000000021e-02
1.540000000000000000e+05,1.375013589859008789e-01,1.000000000000000021e-02
1.545000000000000000e+05,1.018071733415126801e-02,1.000000000000000021e-02
1.550000000000000000e+05,6.901478022336959839e-02,1.000000000000000021e-02
1.555000000000000000e+05,6.851060688495635986e-02,1.000000000000000021e-02
1.560000000000000000e+05,1.944913715124130249e-02,1.000000000000000021e-02
1.565000000000000000e+05,3.708690777420997620e-02,1.000000000000000021e-02
1.570000000000000000e+05,8.045512437820434570e-02,1.000000000000000021e-02
1.575000000000000000e+05,5.431027710437774658e-02,1.000000000000000021e-02
1.580000000000000000e+05,1.152154430747032166e-02,1.000000000000000021e-02
1.585000000000000000e+05,3.883688896894454956e-02,1.000000000000000021e-02
1.590000000000000000e+05,3.185396641492843628e-02,1.000000000000000021e-02
1.595000000000000000e+05,4.964932054281234741e-02,1.000000000000000021e-02
1.600000000000000000e+05,4.078080132603645325e-02,1.000000000000000021e-02
1.605000000000000000e+05,5.375719442963600159e-02,1.000000000000000021e-02
1.610000000000000000e+05,7.693666219711303711e-02,1.000000000000000021e-02
1.615000000000000000e+05,3.725614771246910095e-02,1.000000000000000021e-02
1.620000000000000000e+05,4.552211239933967590e-02,1.000000000000000021e-02
1.625000000000000000e+05,1.845004968345165253e-02,1.000000000000000021e-02
1.630000000000000000e+05,2.842775546014308929e-02,1.000000000000000021e-02
1.635000000000000000e+05,6.341535598039627075e-02,1.000000000000000021e-02
1.640000000000000000e+05,2.606276795268058777e-02,1.000000000000000021e-02
1.645000000000000000e+05,2.072480507194995880e-02,1.000000000000000021e-02
1.650000000000000000e+05,7.224623858928680420e-02,1.000000000000000021e-02
1.655000000000000000e+05,1.163489967584609985e-01,1.000000000000000021e-02
1.660000000000000000e+05,4.746026918292045593e-02,1.000000000000000021e-02
1.665000000000000000e+05,5.797964334487915039e-02,1.000000000000000021e-02
1.670000000000000000e+05,3.112430684268474579e-02,1.000000000000000021e-02
1.675000000000000000e+05,2.122370898723602295e-02,1.000000000000000021e-02
1.680000000000000000e+05,5.356096476316452026e-02,1.000000000000000021e-02
1.685000000000000000e+05,4.774379730224609375e-02,1.000000000000000021e-02
1.690000000000000000e+05,2.583125978708267212e-02,1.000000000000000021e-02
1.695000000000000000e+05,1.828481815755367279e-02,1.000000000000000021e-02
1.700000000000000000e+05,9.358761832118034363e-03,1.000000000000000021e-02
1.705000000000000000e+05,2.643398195505142212e-02,1.000000000000000021e-02
1.710000000000000000e+05,1.720181852579116821e-02,1.000000000000000021e-02
1.715000000000000000e+05,9.489648044109344482e-02,1.000000000000000021e-02
1.720000000000000000e+05,8.784382790327072144e-02,1.000000000000000021e-02
1.725000000000000000e+05,2.262373827397823334e-02,1.000000000000000021e-02
1.730000000000000000e+05,1.758591458201408386e-02,1.000000000000000021e-02
1.735000000000000000e+05,2.106413245201110840e-02,1.000000000000000021e-02
1.740000000000000000e+05,3.888576477766036987e-02,1.000000000000000021e-02
1.745000000000000000e+05,5.046235397458076477e-02,1.000000000000000021e-02
1.750000000000000000e+05,7.429879903793334961e-02,1.000000000000000021e-02
1.755000000000000000e+05,1.969629153609275818e-02,1.000000000000000021e-02
1.760000000000000000e+05,1.992056705057621002e-02,1.000000000000000021e-02
1.765000000000000000e+05,9.936352819204330444e-02,1.000000000000000021e-02
1.770000000000000000e+05,3.693373873829841614e-02,1.000000000000000021e-02
1.775000000000000000e+05,1.330378055572509766e-01,1.000000000000000021e-02
1.780000000000000000e+05,1.214582324028015137e-01,1.000000000000000021e-02
1.785000000000000000e+05,3.159513324499130249e-02,1.000000000000000021e-02
1.790000000000000000e+05,8.590616285800933838e-03,1.000000000000000021e-02
1.795000000000000000e+05,2.201075106859207153e-02,1.000000000000000021e-02
1.800000000000000000e+05,5.469581484794616699e-01,1.000000000000000021e-02
1.805000000000000000e+05,8.641742914915084839e-02,1.000000000000000021e-02
1.810000000000000000e+05,3.233574703335762024e-02,1.000000000000000021e-02
1.815000000000000000e+05,3.592670708894729614e-02,1.000000000000000021e-02
1.820000000000000000e+05,1.649410650134086609e-02,1.000000000000000021e-02
1.825000000000000000e+05,1.850839555263519287e-01,1.000000000000000021e-02
1.830000000000000000e+05,5.110265314579010010e-02,1.000000000000000021e-02
1.835000000000000000e+05,4.685086011886596680e-02,1.000000000000000021e-02
1.840000000000000000e+05,1.261264458298683167e-02,1.000000000000000021e-02
1.845000000000000000e+05,9.077769517898559570e-02,1.000000000000000021e-02
1.850000000000000000e+05,1.056689396500587463e-02,1.000000000000000021e-02
1.855000000000000000e+05,5.838071554899215698e-02,1.000000000000000021e-02
1.860000000000000000e+05,8.098063617944717407e-02,1.000000000000000021e-02
1.865000000000000000e+05,1.867867633700370789e-02,1.000000000000000021e-02
1.870000000000000000e+05,2.708216570317745209e-02,1.000000000000000021e-02
1.875000000000000000e+05,8.388936519622802734e-02,1.000000000000000021e-02
1.880000000000000000e+05,2.616715058684349060e-02,1.000000000000000021e-02
1.885000000000000000e+05,7.962656021118164062e-02,1.000000000000000021e-02
1.890000000000000000e+05,5.167399346828460693e-02,1.000000000000000021e-02
1.895000000000000000e+05,1.026720032095909119e-01,1.000000000000000021e-02
1.900000000000000000e+05,3.747105970978736877e-02,1.000000000000000021e-02
1.905000000000000000e+05,2.193094231188297272e-02,1.000000000000000021e-02
1.910000000000000000e+05,1.822001300752162933e-02,1.000000000000000021e-02
1.915000000000000000e+05,3.339989483356475830e-02,1.000000000000000021e-02
1.920000000000000000e+05,1.755951717495918274e-02,1.000000000000000021e-02
1.925000000000000000e+05,1.475745141506195068e-01,1.000000000000000021e-02
1.930000000000000000e+05,1.953434385359287262e-02,1.000000000000000021e-02
1.935000000000000000e+05,9.800450503826141357e-02,1.000000000000000021e-02
1.940000000000000000e+05,2.455301955342292786e-02,1.000000000000000021e-02
1.945000000000000000e+05,5.496516078710556030e-02,1.000000000000000021e-02
1.950000000000000000e+05,4.263500869274139404e-02,1.000000000000000021e-02
1.955000000000000000e+05,2.571740001440048218e-02,1.000000000000000021e-02
1.960000000000000000e+05,8.432773500680923462e-02,1.000000000000000021e-02
1.965000000000000000e+05,6.178643926978111267e-02,1.000000000000000021e-02
1.970000000000000000e+05,1.181724816560745239e-01,1.000000000000000021e-02
1.975000000000000000e+05,1.883379556238651276e-02,1.000000000000000021e-02
1.980000000000000000e+05,5.952681973576545715e-02,1.000000000000000021e-02
1.985000000000000000e+05,1.258511543273925781e-01,1.000000000000000021e-02
1.990000000000000000e+05,2.024353668093681335e-02,1.000000000000000021e-02
1.995000000000000000e+05,1.992143131792545319e-02,1.000000000000000021e-02
2.000000000000000000e+05,4.673130065202713013e-02,1.000000000000000021e-02
2.005000000000000000e+05,4.547449573874473572e-02,1.000000000000000021e-02
2.010000000000000000e+05,1.238881796598434448e-02,1.000000000000000021e-02
2.015000000000000000e+05,2.398593537509441376e-02,1.000000000000000021e-02
2.020000000000000000e+05,5.219820141792297363e-02,1.000000000000000021e-02
2.025000000000000000e+05,4.532988183200359344e-03,1.000000000000000021e-02
2.030000000000000000e+05,3.413054347038269043e-02,1.000000000000000021e-02
2.035000000000000000e+05,7.444709539413452148e-02,1.000000000000000021e-02
2.040000000000000000e+05,1.966541074216365814e-02,1.000000000000000021e-02
2.045000000000000000e+05,4.479145258665084839e-02,1.000000000000000021e-02
2.050000000000000000e+05,9.331419132649898529e-03,1.000000000000000021e-02
2.055000000000000000e+05,1.353320106863975525e-02,1.000000000000000021e-02
2.060000000000000000e+05,6.550220400094985962e-02,1.000000000000000021e-02
2.065000000000000000e+05,2.110242657363414764e-02,1.000000000000000021e-02
2.070000000000000000e+05,3.671295940876007080e-02,1.000000000000000021e-02
2.075000000000000000e+05,4.463931545615196228e-02,1.000000000000000021e-02
2.080000000000000000e+05,6.119529902935028076e-02,1.000000000000000021e-02
2.085000000000000000e+05,2.641846984624862671e-02,1.000000000000000021e-02
2.090000000000000000e+05,9.572057053446769714e-03,1.000000000000000021e-02
2.095000000000000000e+05,5.004628375172615051e-02,1.000000000000000021e-02
2.100000000000000000e+05,5.414425395429134369e-03,1.000000000000000021e-02
2.105000000000000000e+05,1.213767975568771362e-01,1.000000000000000021e-02
2.110000000000000000e+05,5.290905237197875977e-01,1.000000000000000021e-02
2.115000000000000000e+05,4.614778980612754822e-02,1.000000000000000021e-02
2.120000000000000000e+05,2.190690487623214722e-02,1.000000000000000021e-02
2.125000000000000000e+05,1.340905390679836273e-02,1.000000000000000021e-02
2.130000000000000000e+05,1.547368150204420090e-02,1.000000000000000021e-02
2.135000000000000000e+05,8.336117863655090332e-02,1.000000000000000021e-02
2.140000000000000000e+05,3.550611436367034912e-02,1.000000000000000021e-02
2.145000000000000000e+05,2.049906179308891296e-02,1.000000000000000021e-02
2.150000000000000000e+05,2.324175462126731873e-02,1.000000000000000021e-02
2.155000000000000000e+05,5.062324926257133484e-02,1.000000000000000021e-02
2.160000000000000000e+05,1.345121860504150391e-02,1.000000000000000021e-02
2.165000000000000000e+05,1.164673715829849243e-01,1.000000000000000021e-02
2.170000000000000000e+05,6.995604187250137329e-02,1.000000000000000021e-02
2.175000000000000000e+05,1.532110385596752167e-02,1.000000000000000021e-02
2.180000000000000000e+05,1.835952699184417725e-02,1.000000000000000021e-02
2.185000000000000000e+05,5.532858893275260925e-02,1.000000000000000021e-02
2.190000000000000000e+05,3.149713575839996338e-02,1.000000000000000021e-02
2.195000000000000000e+05,1.235239431262016296e-01,1.000000000000000021e-02
2.200000000000000000e+05,1.741504222154617310e-01,1.000000000000000021e-02
2.205000000000000000e+05,1.126083359122276306e-02,1.000000000000000021e-02
2.210000000000000000e+05,1.446844451129436493e-02,1.000000000000000021e-02
2.215000000000000000e+05,5.227783694863319397e-02,1.000000000000000021e-02
2.220000000000000000e+05,3.914877027273178101e-02,1.000000000000000021e-02
2.225000000000000000e+05,2.645137533545494080e-02,1.000000000000000021e-02
2.230000000000000000e+05,6.053466349840164185e-03,1.000000000000000021e-02
2.235000000000000000e+05,5.922624096274375916e-02,1.000000000000000021e-02
2.240000000000000000e+05,1.286582276225090027e-02,1.000000000000000021e-02
2.245000000000000000e+05,9.562622755765914917e-03,1.000000000000000021e-02
2.250000000000000000e+05,2.361226081848144531e-02,1.000000000000000021e-02
2.255000000000000000e+05,5.201474204659461975e-02,1.000000000000000021e-02
2.260000000000000000e+05,5.133325979113578796e-02,1.000000000000000021e-02
2.265000000000000000e+05,3.325512260198593140e-02,1.000000000000000021e-02
2.270000000000000000e+05,5.607842653989791870e-02,1.000000000000000021e-02
2.275000000000000000e+05,3.201230615377426147e-02,1.000000000000000021e-02
2.280000000000000000e+05,8.639191836118698120e-02,1.000000000000000021e-02
2.285000000000000000e+05,2.684059739112854004e-02,1.000000000000000021e-02
2.290000000000000000e+05,1.027497947216033936e-01,1.000000000000000021e-02
2.295000000000000000e+05,1.238753199577331543e-01,1.000000000000000021e-02
2.300000000000000000e+05,2.460178174078464508e-02,1.000000000000000021e-02
2.305000000000000000e+05,7.913215458393096924e-02,1.000000000000000021e-02
2.310000000000000000e+05,2.452143654227256775e-02,1.000000000000000021e-02
2.315000000000000000e+05,2.254687249660491943e-02,1.000000000000000021e-02
2.320000000000000000e+05,1.136685162782669067e-01,1.000000000000000021e-02
2.325000000000000000e+05,3.680458292365074158e-02,1.000000000000000021e-02
2.330000000000000000e+05,1.161291357129812241e-02,1.000000000000000021e-02
2.335000000000000000e+05,6.576341111212968826e-03,1.000000000000000021e-02
2.340000000000000000e+05,2.392067760229110718e-02,1.000000000000000021e-02
2.345000000000000000e+05,2.078278549015522003e-02,1.000000000000000021e-02
2.350000000000000000e+05,5.680129304528236389e-02,1.000000000000000021e-02
2.355000000000000000e+05,7.387692481279373169e-02,1.000000000000000021e-02
2.360000000000000000e+05,1.361675374209880829e-02,1.000000000000000021e-02
2.365000000000000000e+05,7.383410632610321045e-02,1.000000000000000021e-02
2.370000000000000000e+05,2.839039266109466553e-02,1.000000000000000021e-02
2.375000000000000000e+05,6.386497616767883301e-02,1.000000000000000021e-02
2.380000000000000000e+05,4.939033836126327515e-02,1.000000000000000021e-02
2.385000000000000000e+05,3.991253301501274109e-02,1.000000000000000021e-02
2.390000000000000000e+05,1.340027600526809692e-01,1.000000000000000021e-02
2.395000000000000000e+05,3.004884906113147736e-02,1.000000000000000021e-02
2.400000000000000000e+05,1.102643366903066635e-02,1.000000000000000021e-02
2.405000000000000000e+05,1.343129202723503113e-02,1.000000000000000021e-02
2.410000000000000000e+05,2.439611405134201050e-02,1.000000000000000021e-02
2.415000000000000000e+05,3.471589088439941406e-02,1.000000000000000021e-02
2.420000000000000000e+05,2.128187939524650574e-02,1.000000000000000021e-02
2.425000000000000000e+05,9.716227650642395020e-02,1.000000000000000021e-02
2.430000000000000000e+05,2.271064557135105133e-02,1.000000000000000021e-02
2.435000000000000000e+05,1.406135316938161850e-02,1.000000000000000021e-02
2.440000000000000000e+05,3.486539050936698914e-02,1.000000000000000021e-02
2.445000000000000000e+05,5.141839012503623962e-02,1.000000000000000021e-02
2.450000000000000000e+05,2.185541018843650818e-02,1.000000000000000021e-02
2.455000000000000000e+05,1.001412235200405121e-02,1.000000000000000021e-02
2.460000000000000000e+05,2.903989702463150024e-02,1.000000000000000021e-02
2.465000000000000000e+05,9.224458783864974976e-02,1.000000000000000021e-02
2.470000000000000000e+05,2.518894709646701813e-02,1.000000000000000021e-02
2.475000000000000000e+05,1.135249808430671692e-02,1.000000000000000021e-02
2.480000000000000000e+05,5.159146338701248169e-02,1.000000000000000021e-02
2.485000000000000000e+05,3.213401883840560913e-02,1.000000000000000021e-02
2.490000000000000000e+05,6.182616949081420898e-02,1.000000000000000021e-02
2.495000000000000000e+05,1.377463340759277344e-02,1.000000000000000021e-02
2.500000000000000000e+05,1.338136009871959686e-02,1.000000000000000021e-02
2.505000000000000000e+05,8.054297417402267456e-03,1.000000000000000021e-02
2.510000000000000000e+05,7.773178070783615112e-02,1.000000000000000021e-02
2.515000000000000000e+05,4.278307408094406128e-02,1.000000000000000021e-02
2.520000000000000000e+05,1.227406505495309830e-02,1.000000000000000021e-02
2.525000000000000000e+05,2.959731221199035645e-02,1.000000000000000021e-02
2.530000000000000000e+05,1.172012649476528168e-02,1.000000000000000021e-02
2.535000000000000000e+05,1.819534413516521454e-02,1.000000000000000021e-02
2.540000000000000000e+05,8.313731104135513306e-02,1.000000000000000021e-02
2.545000000000000000e+05,2.389395236968994141e-02,1.000000000000000021e-02
2.550000000000000000e+05,1.909509301185607910e-02,1.000000000000000021e-02
2.555000000000000000e+05,2.122739329934120178e-02,1.000000000000000021e-02
2.560000000000000000e+05,9.083861112594604492e-02,1.000000000000000021e-02
2.565000000000000000e+05,5.150040984153747559e-02,1.000000000000000021e-02
2.570000000000000000e+05,4.244766384363174438e-02,1.000000000000000021e-02
2.575000000000000000e+05,1.213439833372831345e-02,1.000000000000000021e-02
2.580000000000000000e+05,3.442540019750595093e-02,1.000000000000000021e-02
2.585000000000000000e+05,1.267370134592056274e-01,1.000000000000000021e-02
2.590000000000000000e+05,1.871002838015556335e-02,1.000000000000000021e-02
2.595000000000000000e+05,6.328244693577289581e-03,1.000000000000000021e-02
2.600000000000000000e+05,7.811035029590129852e-03,1.000000000000000021e-02
2.605000000000000000e+05,6.646803766489028931e-02,1.000000000000000021e-02
2.610000000000000000e+05,9.482932835817337036e-02,1.000000000000000021e-02
2.615000000000000000e+05,4.402567073702812195e-02,1.000000000000000021e-02
2.620000000000000000e+05,1.138096973299980164e-01,1.000000000000000021e-02
2.625000000000000000e+05,3.992596641182899475e-02,1.000000000000000021e-02
2.630000000000000000e+05,1.396437734365463257e-02,1.000000000000000021e-02
2.635000000000000000e+05,2.598768472671508789e-02,1.000000000000000021e-02
2.640000000000000000e+05,1.360291242599487305e-01,1.000000000000000021e-02
2.645000000000000000e+05,1.489043235778808594e-02,1.000000000000000021e-02
2.650000000000000000e+05,4.521743953227996826e-02,1.000000000000000021e-02
2.655000000000000000e+05,5.910837650299072266e-02,1.000000000000000021e-02
2.660000000000000000e+05,2.523160912096500397e-02,1.000000000000000021e-02
2.665000000000000000e+05,2.131607010960578918e-02,1.000000000000000021e-02
2.670000000000000000e+05,1.036939024925231934e-02,1.000000000000000021e-02
2.675000000000000000e+05,2.092320099472999573e-02,1.000000000000000021e-02
2.680000000000000000e+05,2.479242905974388123e-02,1.000000000000000021e-02
2.685000000000000000e+05,3.145588189363479614e-02,1.000000000000000021e-02
2.690000000000000000e+05,3.037432022392749786e-02,1.000000000000000021e-02
2.695000000000000000e+05,4.440660402178764343e-02,1.000000000000000021e-02
2.700000000000000000e+05,2.094682455062866211e-01,1.000000000000000021e-02
2.705000000000000000e+05,2.980133891105651855e-02,1.000000000000000021e-02
2.710000000000000000e+05,3.561237081885337830e-02,1.000000000000000021e-02
2.715000000000000000e+05,2.439530007541179657e-02,1.000000000000000021e-02
2.720000000000000000e+05,7.838426530361175537e-02,1.000000000000000021e-02
2.725000000000000000e+05,2.026579715311527252e-02,1.000000000000000021e-02
2.730000000000000000e+05,2.808805555105209351e-02,1.000000000000000021e-02
2.735000000000000000e+05,3.830229490995407104e-02,1.000000000000000021e-02
2.740000000000000000e+05,2.429156377911567688e-02,1.000000000000000021e-02
2.745000000000000000e+05,2.120103687047958374e-02,1.000000000000000021e-02
2.750000000000000000e+05,1.146444827318191528e-01,1.000000000000000021e-02
2.755000000000000000e+05,7.290106732398271561e-03,1.000000000000000021e-02
2.760000000000000000e+05,2.264456637203693390e-02,1.000000000000000021e-02
2.765000000000000000e+05,1.868316531181335449e-02,1.000000000000000021e-02
2.770000000000000000e+05,4.317029938101768494e-02,1.000000000000000021e-02
2.775000000000000000e+05,2.992751821875572205e-02,1.000000000000000021e-02
2.780000000000000000e+05,5.923163145780563354e-02,1.000000000000000021e-02
2.785000000000000000e+05,1.174855828285217285e-01,1.000000000000000021e-02
2.790000000000000000e+05,7.622653990983963013e-02,1.000000000000000021e-02
2.795000000000000000e+05,1.447726413607597351e-02,1.000000000000000021e-02
2.800000000000000000e+05,4.887294396758079529e-02,1.000000000000000021e-02
2.805000000000000000e+05,3.855787962675094604e-02,1.000000000000000021e-02
2.810000000000000000e+05,3.282721713185310364e-02,1.000000000000000021e-02
2.815000000000000000e+05,4.903544671833515167e-03,1.000000000000000021e-02
2.820000000000000000e+05,3.334435075521469116e-02,1.000000000000000021e-02
2.825000000000000000e+05,3.243828192353248596e-02,1.000000000000000021e-02
2.830000000000000000e+05,3.602081537246704102e-02,1.000000000000000021e-02
2.835000000000000000e+05,1.193536631762981415e-02,1.000000000000000021e-02
2.840000000000000000e+05,4.571259021759033203e-02,1.000000000000000021e-02
2.845000000000000000e+05,3.025046736001968384e-02,1.000000000000000021e-02
2.850000000000000000e+05,1.998749002814292908e-02,1.000000000000000021e-02
2.855000000000000000e+05,1.169137507677078247e-01,1.000000000000000021e-02
2.860000000000000000e+05,1.418596878647804260e-02,1.000000000000000021e-02
2.865000000000000000e+05,1.099320575594902039e-01,1.000000000000000021e-02
2.870000000000000000e+05,1.408188324421644211e-02,1.000000000000000021e-02
2.875000000000000000e+05,7.079871743917465210e-02,1.000000000000000021e-02
2.880000000000000000e+05,1.491011492908000946e-02,1.000000000000000021e-02
2.885000000000000000e+05,8.915476500988006592e-03,1.000000000000000021e-02
2.890000000000000000e+05,3.438580408692359924e-02,1.000000000000000021e-02
2.895000000000000000e+05,4.327101260423660278e-02,1.000000000000000021e-02
2.900000000000000000e+05,8.763121813535690308e-02,1.000000000000000021e-02
2.905000000000000000e+05,2.041228488087654114e-02,1.000000000000000021e-02
2.910000000000000000e+05,9.506914019584655762e-02,1.000000000000000021e-02
2.915000000000000000e+05,6.408173590898513794e-02,1.000000000000000021e-02
2.920000000000000000e+05,4.894031211733818054e-02,1.000000000000000021e-02
2.925000000000000000e+05,1.579481735825538635e-02,1.000000000000000021e-02
2.930000000000000000e+05,2.747372388839721680e-01,1.000000000000000021e-02
2.935000000000000000e+05,6.530177593231201172e-02,1.000000000000000021e-02
2.940000000000000000e+05,1.331402361392974854e-02,1.000000000000000021e-02
2.945000000000000000e+05,1.363415271043777466e-02,1.000000000000000021e-02
2.950000000000000000e+05,4.354226961731910706e-02,1.000000000000000021e-02
2.955000000000000000e+05,1.489516720175743103e-02,1.000000000000000021e-02
2.960000000000000000e+05,4.110489785671234131e-02,1.000000000000000021e-02
2.965000000000000000e+05,4.428579658269882202e-02,1.000000000000000021e-02
2.970000000000000000e+05,1.661581918597221375e-02,1.000000000000000021e-02
2.975000000000000000e+05,3.710031509399414062e-02,1.000000000000000021e-02
2.980000000000000000e+05,4.268787428736686707e-02,1.000000000000000021e-02
2.985000000000000000e+05,3.946060314774513245e-03,1.000000000000000021e-02
2.990000000000000000e+05,1.066753268241882324e-01,1.000000000000000021e-02
2.995000000000000000e+05,4.891120269894599915e-02,1.000000000000000021e-02
3.000000000000000000e+05,3.183094412088394165e-02,1.000000000000000021e-02
3.005000000000000000e+05,2.224316634237766266e-02,1.000000000000000021e-02
3.010000000000000000e+05,8.594172447919845581e-02,1.000000000000000021e-02
3.015000000000000000e+05,2.579507604241371155e-02,1.000000000000000021e-02
3.020000000000000000e+05,3.273734077811241150e-02,1.000000000000000021e-02
3.025000000000000000e+05,1.520072668790817261e-02,1.000000000000000021e-02
3.030000000000000000e+05,1.557090412825345993e-02,1.000000000000000021e-02
3.035000000000000000e+05,1.286555454134941101e-02,1.000000000000000021e-02
3.040000000000000000e+05,2.039154618978500366e-02,1.000000000000000021e-02
3.045000000000000000e+05,2.849488332867622375e-02,1.000000000000000021e-02
3.050000000000000000e+05,3.028148598968982697e-02,1.000000000000000021e-02
3.055000000000000000e+05,2.419553883373737335e-02,1.000000000000000021e-02
3.060000000000000000e+05,7.762616500258445740e-03,1.000000000000000021e-02
3.065000000000000000e+05,1.482784152030944824e-01,1.000000000000000021e-02
3.070000000000000000e+05,4.695007950067520142e-02,1.000000000000000021e-02
3.075000000000000000e+05,2.807505428791046143e-02,1.000000000000000021e-02
3.080000000000000000e+05,1.539164595305919647e-02,1.000000000000000021e-02
3.085000000000000000e+05,1.940594427287578583e-02,1.000000000000000021e-02
3.090000000000000000e+05,4.675983637571334839e-02,1.000000000000000021e-02
3.095000000000000000e+05,1.204098388552665710e-02,1.000000000000000021e-02
3.100000000000000000e+05,9.643243625760078430e-03,1.000000000000000021e-02
3.105000000000000000e+05,1.367298699915409088e-02,1.000000000000000021e-02
3.110000000000000000e+05,2.259236201643943787e-02,1.000000000000000021e-02
3.115000000000000000e+05,1.585360802710056305e-02,1.000000000000000021e-02
3.120000000000000000e+05,1.408958621323108673e-02,1.000000000000000021e-02
3.125000000000000000e+05,1.966557838022708893e-02,1.000000000000000021e-02
3.130000000000000000e+05,2.166305482387542725e-02,1.000000000000000021e-02
3.135000000000000000e+05,2.275960892438888550e-02,1.000000000000000021e-02
3.140000000000000000e+05,1.988347172737121582e-01,1.000000000000000021e-02
3.145000000000000000e+05,4.581911116838455200e-02,1.000000000000000021e-02
3.150000000000000000e+05,2.998421713709831238e-02,1.000000000000000021e-02
3.155000000000000000e+05,6.247331388294696808e-03,1.000000000000000021e-02
3.160000000000000000e+05,9.116265922784805298e-03,1.000000000000000021e-02
3.165000000000000000e+05,8.715791627764701843e-03,1.000000000000000021e-02
3.170000000000000000e+05,2.659963816404342651e-02,1.000000000000000021e-02
3.175000000000000000e+05,9.878329001367092133e-03,1.000000000000000021e-02
3.180000000000000000e+05,2.259444631636142731e-02,1.000000000000000021e-02
3.185000000000000000e+05,5.481134168803691864e-03,1.000000000000000021e-02
3.190000000000000000e+05,2.014936693012714386e-02,1.000000000000000021e-02
3.195000000000000000e+05,3.084823675453662872e-02,1.000000000000000021e-02
3.200000000000000000e+05,1.992193609476089478e-02,1.000000000000000021e-02
3.205000000000000000e+05,7.841219194233417511e-03,1.000000000000000021e-02
3.210000000000000000e+05,1.281101908534765244e-02,1.000000000000000021e-02
3.215000000000000000e+05,7.938507199287414551e-02,1.000000000000000021e-02
3.220000000000000000e+05,8.619339764118194580e-02,1.000000000000000021e-02
3.225000000000000000e+05,2.338135614991188049e-02,1.000000000000000021e-02
3.230000000000000000e+05,9.050511568784713745e-02,1.000000000000000021e-02
3.235000000000000000e+05,7.573299854993820190e-02,1.000000000000000021e-02
3.240000000000000000e+05,2.050390467047691345e-02,1.000000000000000021e-02
3.245000000000000000e+05,1.916990801692008972e-02,1.000000000000000021e-02
3.250000000000000000e+05,4.218753799796104431e-02,1.000000000000000021e-02
3.255000000000000000e+05,2.693531289696693420e-02,1.000000000000000021e-02
3.260000000000000000e+05,1.459153294563293457e-01,1.000000000000000021e-02
3.265000000000000000e+05,1.550264470279216766e-02,1.000000000000000021e-02
3.270000000000000000e+05,1.103944890201091766e-02,1.000000000000000021e-02
3.275000000000000000e+05,3.103260323405265808e-02,1.000000000000000021e-02
3.280000000000000000e+05,2.756177261471748352e-02,1.000000000000000021e-02
3.285000000000000000e+05,2.798503637313842773e-02,1.000000000000000021e-02
3.290000000000000000e+05,1.000594869256019592e-01,1.000000000000000021e-02
3.295000000000000000e+05,4.177944734692573547e-02,1.000000000000000021e-02
3.300000000000000000e+05,4.944887384772300720e-02,1.000000000000000021e-02
3.305000000000000000e+05,8.364186622202396393e-03,1.000000000000000021e-02
3.310000000000000000e+05,2.424144558608531952e-02,1.000000000000000021e-02
3.315000000000000000e+05,2.381559088826179504e-02,1.000000000000000021e-02
3.320000000000000000e+05,1.481628417968750000e-01,1.000000000000000021e-02
3.325000000000000000e+05,3.042775765061378479e-02,1.000000000000000021e-02
3.330000000000000000e+05,8.872082456946372986e-03,1.000000000000000021e-02
3.335000000000000000e+05,8.205528557300567627e-02,1.000000000000000021e-02
3.340000000000000000e+05,1.542980410158634186e-02,1.000000000000000021e-02
3.345000000000000000e+05,2.638022042810916901e-02,1.000000000000000021e-02
3.350000000000000000e+05,1.017226092517375946e-02,1.000000000000000021e-02
3.355000000000000000e+05,5.639269202947616577e-02,1.000000000000000021e-02
3.360000000000000000e+05,6.020737346261739731e-03,1.000000000000000021e-02
3.365000000000000000e+05,2.226533181965351105e-02,1.000000000000000021e-02
3.370000000000000000e+05,2.371636964380741119e-02,1.000000000000000021e-02
3.375000000000000000e+05,7.838234305381774902e-03,1.000000000000000021e-02
3.380000000000000000e+05,1.496458146721124649e-02,1.000000000000000021e-02
3.385000000000000000e+05,8.367542922496795654e-02,1.000000000000000021e-02
3.390000000000000000e+05,7.135345600545406342e-03,1.000000000000000021e-02
3.395000000000000000e+05,5.276805162429809570e-02,1.000000000000000021e-02
3.400000000000000000e+05,7.058629393577575684e-02,1.000000000000000021e-02
3.405000000000000000e+05,1.368761621415615082e-02,1.000000000000000021e-02
3.410000000000000000e+05,2.905759774148464203e-02,1.000000000000000021e-02
3.415000000000000000e+05,2.215623483061790466e-02,1.000000000000000021e-02
3.420000000000000000e+05,5.945453047752380371e-02,1.000000000000000021e-02
3.425000000000000000e+05,4.277196712791919708e-03,1.000000000000000021e-02
3.430000000000000000e+05,2.302945405244827271e-02,1.000000000000000021e-02
3.435000000000000000e+05,6.849801540374755859e-02,1.000000000000000021e-02
3.440000000000000000e+05,1.899363398551940918e-01,1.000000000000000021e-02
3.445000000000000000e+05,3.428609669208526611e-02,1.000000000000000021e-02
3.450000000000000000e+05,1.202559471130371094e-02,1.000000000000000021e-02
3.455000000000000000e+05,1.859243214130401611e-02,1.000000000000000021e-02
3.460000000000000000e+05,5.988319963216781616e-02,1.000000000000000021e-02
3.465000000000000000e+05,1.402148324996232986e-02,1.000000000000000021e-02
3.470000000000000000e+05,3.481203317642211914e-02,1.000000000000000021e-02
3.475000000000000000e+05,8.384861797094345093e-02,1.000000000000000021e-02
3.480000000000000000e+05,1.551651209592819214e-02,1.000000000000000021e-02
3.485000000000000000e+05,1.475334912538528442e-02,1.000000000000000021e-02
3.490000000000000000e+05,5.782722029834985733e-03,1.000000000000000021e-02
3.495000000000000000e+05,2.258588746190071106e-02,1.000000000000000021e-02
3.500000000000000000e+05,1.906200125813484192e-02,1.000000000000000021e-02
