5.901389375000000000e+05,1.000000000000000000e+00,0.000000000000000000e+00,9.999949999999999672e-01
7.533712500000000000e+04,1.000000000000000000e+00,5.000000000000000000e+02,9.974981286474471354e-01
3.079584765625000000e+04,1.000000000000000000e+00,1.000000000000000000e+03,9.950074916926188173e-01
5.144326562500000000e+04,1.000000000000000000e+00,1.500000000000000000e+03,9.925230735689462014e-01
1.328369726562500000e+04,1.000000000000000000e+00,2.000000000000000000e+03,9.900448587487291618e-01
3.186324414062500000e+04,1.000000000000000000e+00,2.500000000000000000e+03,9.875728317430424452e-01
2.455207031250000000e+04,1.000000000000000000e+00,3.000000000000000000e+03,9.851069771016315313e-01
1.868533984375000000e+04,1.000000000000000000e+00,3.500000000000000000e+03,9.826472794128184862e-01
1.438550585937500000e+04,1.000000000000000000e+00,4.000000000000000000e+03,9.801937233034099251e-01
1.573208007812500000e+04,1.000000000000000000e+00,4.500000000000000000e+03,9.777462934385922066e-01
1.898912109375000000e+04,1.000000000000000000e+00,5.000000000000000000e+03,9.753049745218463906e-01
2.856705468750000000e+04,0.000000000000000000e+00,5.500000000000000000e+03,9.728697512948449866e-01
2.006633593750000000e+04,1.000000000000000000e+00,6.000000000000000000e+03,9.704406085373576962e-01
2.344020312500000000e+04,1.000000000000000000e+00,6.500000000000000000e+03,9.680175310671594868e-01
3.331767968750000000e+04,1.000000000000000000e+00,7.000000000000000000e+03,9.656005037399334467e-01
5.156089843750000000e+04,1.000000000000000000e+00,7.500000000000000000e+03,9.631895114491730858e-01
4.266979687500000000e+04,1.000000000000000000e+00,8.000000000000000000e+03,9.607845391260949608e-01
4.032939062500000000e+04,0.000000000000000000e+00,8.500000000000000000e+03,9.583855717395382001e-01
2.588042578125000000e+04,1.000000000000000000e+00,9.000000000000000000e+03,9.559925942958740208e-01
2.779822656250000000e+04,1.000000000000000000e+00,9.500000000000000000e+03,9.536055918389118036e-01
2.509953906250000000e+04,1.000000000000000000e+00,1.000000000000000000e+04,9.512245494498033915e-01
2.087635351562500000e+04,1.000000000000000000e+00,1.050000000000000000e+04,9.488494522469511638e-01
2.366267578125000000e+04,1.000000000000000000e+00,1.100000000000000000e+04,9.464802853859143328e-01
3.399908593750000000e+04,1.000000000000000000e+00,1.150000000000000000e+04,9.441170340593204591e-01
3.275569140625000000e+04,1.000000000000000000e+00,1.200000000000000000e+04,9.417596834967686403e-01
2.976034765625000000e+04,1.000000000000000000e+00,1.250000000000000000e+04,9.394082189647346981e-01
1.367888964843750000e+04,1.000000000000000000e+00,1.300000000000000000e+04,9.370626257664833592e-01
1.532943457031250000e+04,1.000000000000000000e+00,1.350000000000000000e+04,9.347228892419771062e-01
2.138926171875000000e+04,1.000000000000000000e+00,1.400000000000000000e+04,9.323889947677814760e-01
1.654347656250000000e+04,1.000000000000000000e+00,1.450000000000000000e+04,9.300609277569765743e-01
5.114757031250000000e+04,0.000000000000000000e+00,1.500000000000000000e+04,9.277386736590621519e-01
3.429975781250000000e+04,1.000000000000000000e+00,1.550000000000000000e+04,9.254222179598698972e-01
4.814776953125000000e+04,1.000000000000000000e+00,1.600000000000000000e+04,9.231115461814729528e-01
1.446631054687500000e+04,1.000000000000000000e+00,1.650000000000000000e+04,9.208066438820901034e-01
2.318534179687500000e+04,1.000000000000000000e+00,1.700000000000000000e+04,9.185074966560035081e-01
3.010321679687500000e+04,1.000000000000000000e+00,1.750000000000000000e+04,9.162140901334661081e-01
1.746977343750000000e+04,1.000000000000000000e+00,1.800000000000000000e+04,9.139264099806060360e-01
2.865862500000000000e+04,0.000000000000000000e+00,1.850000000000000000e+04,9.116444418993450149e-01
2.351458789062500000e+04,1.000000000000000000e+00,1.900000000000000000e+04,9.093681716273023241e-01
2.315238867187500000e+04,1.000000000000000000e+00,1.950000000000000000e+04,9.070975849377100886e-01
1.417331542968750000e+04,1.000000000000000000e+00,2.000000000000000000e+04,9.048326676393241286e-01
3.005278125000000000e+04,1.000000000000000000e+00,2.050000000000000000e+04,9.025734055763323660e-01
1.226343261718750000e+04,1.000000000000000000e+00,2.100000000000000000e+04,9.003197846282692263e-01
2.336215429687500000e+04,1.000000000000000000e+00,2.150000000000000000e+04,8.980717907099257102e-01
1.615117675781250000e+04,1.000000000000000000e+00,2.200000000000000000e+04,8.958294097712619086e-01
2.185985937500000000e+04,1.000000000000000000e+00,2.250000000000000000e+04,8.935926277973204046e-01
1.312236523437500000e+04,1.000000000000000000e+00,2.300000000000000000e+04,8.913614308081366788e-01
1.453030273437500000e+04,1.000000000000000000e+00,2.350000000000000000e+04,8.891358048586515128e-01
1.395775097656250000e+04,1.000000000000000000e+00,2.400000000000000000e+04,8.869157360386276112e-01
1.646398437500000000e+04,1.000000000000000000e+00,2.450000000000000000e+04,8.847012104725581194e-01
1.849675000000000000e+04,1.000000000000000000e+00,2.500000000000000000e+04,8.824922143195804702e-01
5.248273925781250000e+03,1.000000000000000000e+00,2.550000000000000000e+04,8.802887337733928952e-01
3.641651562500000000e+04,1.000000000000000000e+00,2.600000000000000000e+04,8.780907550621673829e-01
1.780787890625000000e+04,1.000000000000000000e+00,2.650000000000000000e+04,8.758982644484599733e-01
2.018259375000000000e+04,1.000000000000000000e+00,2.700000000000000000e+04,8.737112482291277127e-01
1.592707226562500000e+04,1.000000000000000000e+00,2.750000000000000000e+04,8.715296927352438328e-01
1.871439843750000000e+04,1.000000000000000000e+00,2.800000000000000000e+04,8.693535843320121526e-01
2.872385546875000000e+04,0.000000000000000000e+00,2.850000000000000000e+04,8.671829094186805920e-01
1.570750390625000000e+04,1.000000000000000000e+00,2.900000000000000000e+04,8.650176544284544633e-01
1.168456250000000000e+04,1.000000000000000000e+00,2.950000000000000000e+04,8.628578058284174235e-01
1.560215039062500000e+04,1.000000000000000000e+00,3.000000000000000000e+04,8.607033501194402136e-01
2.130171093750000000e+04,1.000000000000000000e+00,3.050000000000000000e+04,8.585542738360995019e-01
1.383309277343750000e+04,1.000000000000000000e+00,3.100000000000000000e+04,8.564105635465955046e-01
1.783143554687500000e+04,1.000000000000000000e+00,3.150000000000000000e+04,8.542722058526658335e-01
1.632152343750000000e+04,1.000000000000000000e+00,3.200000000000000000e+04,8.521391873894988978e-01
1.035426757812500000e+04,0.000000000000000000e+00,3.250000000000000000e+04,8.500114948256557446e-01
1.394283398437500000e+04,1.000000000000000000e+00,3.300000000000000000e+04,8.478891148629856822e-01
2.943270703125000000e+04,1.000000000000000000e+00,3.350000000000000000e+04,8.457720342365406818e-01
1.896500390625000000e+04,1.000000000000000000e+00,3.400000000000000000e+04,8.436602397144927767e-01
2.164903125000000000e+04,1.000000000000000000e+00,3.450000000000000000e+04,8.415537180980541265e-01
1.602576171875000000e+04,0.000000000000000000e+00,3.500000000000000000e+04,8.394524562213909746e-01
2.439991406250000000e+04,1.000000000000000000e+00,3.550000000000000000e+04,8.373564409515471541e-01
2.150043750000000000e+04,1.000000000000000000e+00,3.600000000000000000e+04,8.352656591883508286e-01
1.541667187500000000e+04,0.000000000000000000e+00,3.650000000000000000e+04,8.331800978643465472e-01
2.106308984375000000e+04,0.000000000000000000e+00,3.700000000000000000e+04,8.310997439447026514e-01
1.074514648437500000e+04,1.000000000000000000e+00,3.750000000000000000e+04,8.290245844271365572e-01
6.700252929687500000e+03,0.000000000000000000e+00,3.800000000000000000e+04,8.269546063418277138e-01
3.308126953125000000e+04,1.000000000000000000e+00,3.850000000000000000e+04,8.248897967513442175e-01
1.887269726562500000e+04,1.000000000000000000e+00,3.900000000000000000e+04,8.228301427505527732e-01
1.590190722656250000e+04,1.000000000000000000e+00,3.950000000000000000e+04,8.207756314665448638e-01
1.096919921875000000e+04,1.000000000000000000e+00,4.000000000000000000e+04,8.187262500585558156e-01
1.150549414062500000e+04,1.000000000000000000e+00,4.050000000000000000e+04,8.166819857178803099e-01
1.954169140625000000e+04,0.000000000000000000e+00,4.100000000000000000e+04,8.146428256677955559e-01
1.401723535156250000e+04,1.000000000000000000e+00,4.150000000000000000e+04,8.126087571634810214e-01
1.129871875000000000e+04,1.000000000000000000e+00,4.200000000000000000e+04,8.105797674919378304e-01
4.397882324218750000e+03,1.000000000000000000e+00,4.250000000000000000e+04,8.085558439719107149e-01
1.761449218750000000e+04,1.000000000000000000e+00,4.300000000000000000e+04,8.065369739538076344e-01
1.687910546875000000e+04,1.000000000000000000e+00,4.350000000000000000e+04,8.045231448196220603e-01
1.526508007812500000e+04,1.000000000000000000e+00,4.400000000000000000e+04,8.025143439828521519e-01
1.829953906250000000e+04,1.000000000000000000e+00,4.450000000000000000e+04,8.005105588884239287e-01
1.237006250000000000e+04,1.000000000000000000e+00,4.500000000000000000e+04,7.985117770126105574e-01
1.621794628906250000e+04,1.000000000000000000e+00,4.550000000000000000e+04,7.965179858629559684e-01
8.570027343750000000e+03,1.000000000000000000e+00,4.600000000000000000e+04,7.945291729781970291e-01
1.466879296875000000e+04,1.000000000000000000e+00,4.650000000000000000e+04,7.925453259281861618e-01
7.915276855468750000e+03,0.000000000000000000e+00,4.700000000000000000e+04,7.905664323138076321e-01
1.474204589843750000e+04,1.000000000000000000e+00,4.750000000000000000e+04,7.885924797669099373e-01
1.156682421875000000e+04,1.000000000000000000e+00,4.800000000000000000e+04,7.866234559502226498e-01
1.114086816406250000e+04,1.000000000000000000e+00,4.850000000000000000e+04,7.846593485572782578e-01
4.579797363281250000e+03,0.000000000000000000e+00,4.900000000000000000e+04,7.827001453123378916e-01
1.429683984375000000e+04,0.000000000000000000e+00,4.950000000000000000e+04,7.807458339703127193e-01
1.985793164062500000e+04,1.000000000000000000e+00,5.000000000000000000e+04,7.787964023166892291e-01
8.549326171875000000e+03,0.000000000000000000e+00,5.050000000000000000e+04,7.768518381674537343e-01
1.006092382812500000e+04,0.000000000000000000e+00,5.100000000000000000e+04,7.749121293690113266e-01
9.494113281250000000e+03,1.000000000000000000e+00,5.150000000000000000e+04,7.729772637981177086e-01
1.978802734375000000e+04,1.000000000000000000e+00,5.200000000000000000e+04,7.710472293617949280e-01
2.214362109375000000e+04,1.000000000000000000e+00,5.250000000000000000e+04,7.691220139972586578e-01
4.592805664062500000e+03,1.000000000000000000e+00,5.300000000000000000e+04,7.672016056718502508e-01
1.500248632812500000e+04,0.000000000000000000e+00,5.350000000000000000e+04,7.652859923829501421e-01
1.328982226562500000e+04,0.000000000000000000e+00,5.400000000000000000e+04,7.633751621579087931e-01
9.817849609375000000e+03,1.000000000000000000e+00,5.450000000000000000e+04,7.614691030539703087e-01
1.998196289062500000e+04,1.000000000000000000e+00,5.500000000000000000e+04,7.595678031582012713e-01
9.188929687500000000e+03,1.000000000000000000e+00,5.550000000000000000e+04,7.576712505874121373e-01
8.111727539062500000e+03,1.000000000000000000e+00,5.600000000000000000e+04,7.557794334880829634e-01
2.125755664062500000e+04,1.000000000000000000e+00,5.650000000000000000e+04,7.538923400362914640e-01
8.572824218750000000e+03,0.000000000000000000e+00,5.700000000000000000e+04,7.520099584376391810e-01
1.429625585937500000e+04,1.000000000000000000e+00,5.750000000000000000e+04,7.501322769271742130e-01
1.664449804687500000e+04,1.000000000000000000e+00,5.800000000000000000e+04,7.482592837693247123e-01
2.468667187500000000e+04,1.000000000000000000e+00,5.850000000000000000e+04,7.463909672578183940e-01
1.336491503906250000e+04,1.000000000000000000e+00,5.900000000000000000e+04,7.445273157156112598e-01
1.665031640625000000e+04,0.000000000000000000e+00,5.950000000000000000e+04,7.426683174948168764e-01
1.112124902343750000e+04,1.000000000000000000e+00,6.000000000000000000e+04,7.408139609766333233e-01
1.157061523437500000e+04,1.000000000000000000e+00,6.050000000000000000e+04,7.389642345712669202e-01
1.381564062500000000e+04,1.000000000000000000e+00,6.100000000000000000e+04,7.371191267178657247e-01
1.287397167968750000e+04,1.000000000000000000e+00,6.150000000000000000e+04,7.352786258844412615e-01
1.226442968750000000e+04,0.000000000000000000e+00,6.200000000000000000e+04,7.334427205678004658e-01
1.264387109375000000e+04,1.000000000000000000e+00,6.250000000000000000e+04,7.316113992934702992e-01
1.560598632812500000e+04,1.000000000000000000e+00,6.300000000000000000e+04,7.297846506156302482e-01
5.789637207031250000e+03,1.000000000000000000e+00,6.350000000000000000e+04,7.279624631170377169e-01
1.214240820312500000e+04,0.000000000000000000e+00,6.400000000000000000e+04,7.261448254089589716e-01
9.137923828125000000e+03,1.000000000000000000e+00,6.450000000000000000e+04,7.243317261310950883e-01
9.863578125000000000e+03,0.000000000000000000e+00,6.500000000000000000e+04,7.225231539515131196e-01
9.463980468750000000e+03,1.000000000000000000e+00,6.550000000000000000e+04,7.207190975665735966e-01
5.368402832031250000e+03,1.000000000000000000e+00,6.600000000000000000e+04,7.189195457008630274e-01
1.740826171875000000e+04,1.000000000000000000e+00,6.650000000000000000e+04,7.171244871071199567e-01
1.104494726562500000e+04,1.000000000000000000e+00,6.700000000000000000e+04,7.153339105661653541e-01
6.598832031250000000e+03,0.000000000000000000e+00,6.750000000000000000e+04,7.135478048868351131e-01
6.331176757812500000e+03,1.000000000000000000e+00,6.800000000000000000e+04,7.117661589059063321e-01
9.493515625000000000e+03,0.000000000000000000e+00,6.850000000000000000e+04,7.099889614880313671e-01
1.187259863281250000e+04,1.000000000000000000e+00,6.900000000000000000e+04,7.082162015256632248e-01
8.300129882812500000e+03,0.000000000000000000e+00,6.950000000000000000e+04,7.064478679389920579e-01
6.733464843750000000e+03,1.000000000000000000e+00,7.000000000000000000e+04,7.046839496758725563e-01
1.074379882812500000e+04,0.000000000000000000e+00,7.050000000000000000e+04,7.029244357117540032e-01
1.466763085937500000e+04,1.000000000000000000e+00,7.100000000000000000e+04,7.011693150496122184e-01
9.253158203125000000e+03,1.000000000000000000e+00,7.150000000000000000e+04,6.994185767198838333e-01
1.695207226562500000e+04,0.000000000000000000e+00,7.200000000000000000e+04,6.976722097803951250e-01
8.006414062500000000e+03,1.000000000000000000e+00,7.250000000000000000e+04,6.959302033162912959e-01
9.001431640625000000e+03,1.000000000000000000e+00,7.300000000000000000e+04,6.941925464399709700e-01
1.322947265625000000e+04,1.000000000000000000e+00,7.350000000000000000e+04,6.924592282910193575e-01
9.992479492187500000e+03,1.000000000000000000e+00,7.400000000000000000e+04,6.907302380361380889e-01
1.255797460937500000e+04,1.000000000000000000e+00,7.450000000000000000e+04,6.890055648690781576e-01
1.365942285156250000e+04,0.000000000000000000e+00,7.500000000000000000e+04,6.872851980105729730e-01
1.022835546875000000e+04,1.000000000000000000e+00,7.550000000000000000e+04,6.855691267082716367e-01
1.752014257812500000e+04,0.000000000000000000e+00,7.600000000000000000e+04,6.838573402366660003e-01
1.386373437500000000e+04,1.000000000000000000e+00,7.650000000000000000e+04,6.821498278970352658e-01
8.915277343750000000e+03,1.000000000000000000e+00,7.700000000000000000e+04,6.804465790173673811e-01
1.332516894531250000e+04,1.000000000000000000e+00,7.750000000000000000e+04,6.787475829522969795e-01
5.661457031250000000e+03,0.000000000000000000e+00,7.800000000000000000e+04,6.770528290830406526e-01
1.034062304687500000e+04,0.000000000000000000e+00,7.850000000000000000e+04,6.753623068173285615e-01
1.178211523437500000e+04,1.000000000000000000e+00,7.900000000000000000e+04,6.736760055893363797e-01
1.194541406250000000e+04,0.000000000000000000e+00,7.950000000000000000e+04,6.719939148596262291e-01
6.869942382812500000e+03,1.000000000000000000e+00,8.000000000000000000e+04,6.703160241150690757e-01
1.075117382812500000e+04,1.000000000000000000e+00,8.050000000000000000e+04,6.686423228687941034e-01
2.124193750000000000e+04,1.000000000000000000e+00,8.100000000000000000e+04,6.669728006601077785e-01
1.277189648437500000e+04,0.000000000000000000e+00,8.150000000000000000e+04,6.653074470544401153e-01
1.651556445312500000e+04,0.000000000000000000e+00,8.200000000000000000e+04,6.636462516432731773e-01
1.208088281250000000e+04,0.000000000000000000e+00,8.250000000000000000e+04,6.619892040440799041e-01
1.590714160156250000e+04,1.000000000000000000e+00,8.300000000000000000e+04,6.603362939002532794e-01
1.325509472656250000e+04,1.000000000000000000e+00,8.350000000000000000e+04,6.586875108810471557e-01
4.531676269531250000e+03,0.000000000000000000e+00,8.400000000000000000e+04,6.570428446815124168e-01
1.061823828125000000e+04,1.000000000000000000e+00,8.450000000000000000e+04,6.554022850224298091e-01
7.873565429687500000e+03,1.000000000000000000e+00,8.500000000000000000e+04,6.537658216502434394e-01
8.158441894531250000e+03,1.000000000000000000e+00,8.550000000000000000e+04,6.521334443370006007e-01
1.432306445312500000e+04,1.000000000000000000e+00,8.600000000000000000e+04,6.505051428802870461e-01
1.226119921875000000e+04,1.000000000000000000e+00,8.650000000000000000e+04,6.488809071031631515e-01
5.496986328125000000e+03,1.000000000000000000e+00,8.700000000000000000e+04,6.472607268540967462e-01
1.122130664062500000e+04,1.000000000000000000e+00,8.750000000000000000e+04,6.456445920069079358e-01
6.550881835937500000e+03,1.000000000000000000e+00,8.800000000000000000e+04,6.440324924606980472e-01
6.147392578125000000e+03,1.000000000000000000e+00,8.850000000000000000e+04,6.424244181397882336e-01
4.964907226562500000e+03,1.000000000000000000e+00,8.900000000000000000e+04,6.408203589936595224e-01
1.427648632812500000e+04,1.000000000000000000e+00,8.950000000000000000e+04,6.392203049968865347e-01
9.446608398437500000e+03,0.000000000000000000e+00,9.000000000000000000e+04,6.376242461490757574e-01
8.117512207031250000e+03,1.000000000000000000e+00,9.050000000000000000e+04,6.360321724748065897e-01
1.189620312500000000e+04,1.000000000000000000e+00,9.100000000000000000e+04,6.344440740235619547e-01
5.888797363281250000e+03,0.000000000000000000e+00,9.150000000000000000e+04,6.328599408696705675e-01
8.899555664062500000e+03,0.000000000000000000e+00,9.200000000000000000e+04,6.312797631122474273e-01
7.901320312500000000e+03,1.000000000000000000e+00,9.250000000000000000e+04,6.297035308751258720e-01
9.870906250000000000e+03,1.000000000000000000e+00,9.300000000000000000e+04,6.281312343067996240e-01
1.128178906250000000e+04,1.000000000000000000e+00,9.350000000000000000e+04,6.265628635803621727e-01
6.436638671875000000e+03,0.000000000000000000e+00,9.400000000000000000e+04,6.249984088934412707e-01
1.009078027343750000e+04,0.000000000000000000e+00,9.450000000000000000e+04,6.234378604681434233e-01
7.157392089843750000e+03,0.000000000000000000e+00,9.500000000000000000e+04,6.218812085509844989e-01
7.568867675781250000e+03,1.000000000000000000e+00,9.550000000000000000e+04,6.203284434128383262e-01
1.220724804687500000e+04,1.000000000000000000e+00,9.600000000000000000e+04,6.187795553488665279e-01
7.338655761718750000e+03,1.000000000000000000e+00,9.650000000000000000e+04,6.172345346784667841e-01
7.836531738281250000e+03,1.000000000000000000e+00,9.700000000000000000e+04,6.156933717452076626e-01
7.692378417968750000e+03,1.000000000000000000e+00,9.750000000000000000e+04,6.141560569167665573e-01
1.413618359375000000e+04,1.000000000000000000e+00,9.800000000000000000e+04,6.126225805848733996e-01
5.071839355468750000e+03,1.000000000000000000e+00,9.850000000000000000e+04,6.110929331652465990e-01
1.320523242187500000e+04,1.000000000000000000e+00,9.900000000000000000e+04,6.095671050975394190e-01
7.661232421875000000e+03,0.000000000000000000e+00,9.950000000000000000e+04,6.080450868452723645e-01
9.046861328125000000e+03,0.000000000000000000e+00,1.000000000000000000e+05,6.065268688957786702e-01
8.147344238281250000e+03,1.000000000000000000e+00,1.005000000000000000e+05,6.050124417601436821e-01
1.015887304687500000e+04,1.000000000000000000e+00,1.010000000000000000e+05,6.035017959731464599e-01
1.022186328125000000e+04,1.000000000000000000e+00,1.015000000000000000e+05,6.019949220931969380e-01
5.084373046875000000e+03,1.000000000000000000e+00,1.020000000000000000e+05,6.004918107022835239e-01
1.404688476562500000e+04,0.000000000000000000e+00,1.025000000000000000e+05,5.989924524059068167e-01
7.194451171875000000e+03,0.000000000000000000e+00,1.030000000000000000e+05,5.974968378330264285e-01
1.001750585937500000e+04,0.000000000000000000e+00,1.035000000000000000e+05,5.960049576359995882e-01
7.525116699218750000e+03,1.000000000000000000e+00,1.040000000000000000e+05,5.945168024905237436e-01
7.000967773437500000e+03,0.000000000000000000e+00,1.045000000000000000e+05,5.930323630955768310e-01
6.184267089843750000e+03,1.000000000000000000e+00,1.050000000000000000e+05,5.915516301733620974e-01
9.270458984375000000e+03,1.000000000000000000e+00,1.055000000000000000e+05,5.900745944692471490e-01
5.457766601562500000e+03,1.000000000000000000e+00,1.060000000000000000e+05,5.886012467517087732e-01
3.961066162109375000e+03,0.000000000000000000e+00,1.065000000000000000e+05,5.871315778122745410e-01
5.692378906250000000e+03,0.000000000000000000e+00,1.070000000000000000e+05,5.856655784654597463e-01
4.767466796875000000e+03,1.000000000000000000e+00,1.075000000000000000e+05,5.842032395487191110e-01
4.280411132812500000e+03,1.000000000000000000e+00,1.080000000000000000e+05,5.827445519223838355e-01
5.518332519531250000e+03,0.000000000000000000e+00,1.085000000000000000e+05,5.812895064696056435e-01
5.925011718750000000e+03,1.000000000000000000e+00,1.090000000000000000e+05,5.798380940963000496e-01
1.155196679687500000e+04,1.000000000000000000e+00,1.095000000000000000e+05,5.783903057310918472e-01
7.928028808593750000e+03,0.000000000000000000e+00,1.100000000000000000e+05,5.769461323252499385e-01
8.734043945312500000e+03,1.000000000000000000e+00,1.105000000000000000e+05,5.755055648526427037e-01
6.613166015625000000e+03,1.000000000000000000e+00,1.110000000000000000e+05,5.740685943096757171e-01
6.221663085937500000e+03,0.000000000000000000e+00,1.115000000000000000e+05,5.726352117152300192e-01
6.389686523437500000e+03,1.000000000000000000e+00,1.120000000000000000e+05,5.712054081106170411e-01
8.550323242187500000e+03,1.000000000000000000e+00,1.125000000000000000e+05,5.697791745595152113e-01
1.113300976562500000e+04,1.000000000000000000e+00,1.130000000000000000e+05,5.683565021479148882e-01
4.219317871093750000e+03,0.000000000000000000e+00,1.135000000000000000e+05,5.669373819840634043e-01
7.086899902343750000e+03,1.000000000000000000e+00,1.140000000000000000e+05,5.655218051984127747e-01
1.162758105468750000e+04,0.000000000000000000e+00,1.145000000000000000e+05,5.641097629435580796e-01
1.055601660156250000e+04,1.000000000000000000e+00,1.150000000000000000e+05,5.627012463941868381e-01
6.369157714843750000e+03,0.000000000000000000e+00,1.155000000000000000e+05,5.612962467470216099e-01
5.565416992187500000e+03,1.000000000000000000e+00,1.160000000000000000e+05,5.598947552207662604e-01
1.843090625000000000e+04,0.000000000000000000e+00,1.165000000000000000e+05,5.584967630560517815e-01
1.247326367187500000e+04,1.000000000000000000e+00,1.170000000000000000e+05,5.571022615153768953e-01
9.954385742187500000e+03,0.000000000000000000e+00,1.175000000000000000e+05,5.557112418830582046e-01
1.098231933593750000e+04,1.000000000000000000e+00,1.180000000000000000e+05,5.543236954651767912e-01
8.789553710937500000e+03,1.000000000000000000e+00,1.185000000000000000e+05,5.529396135895191522e-01
4.577824218750000000e+03,1.000000000000000000e+00,1.190000000000000000e+05,5.515589876055265739e-01
1.006695898437500000e+04,1.000000000000000000e+00,1.195000000000000000e+05,5.501818088842380661e-01
3.117292480468750000e+03,1.000000000000000000e+00,1.200000000000000000e+05,5.488080688182380706e-01
4.503757812500000000e+03,1.000000000000000000e+00,1.205000000000000000e+05,5.474377588216077228e-01
1.349790917968750000e+04,0.000000000000000000e+00,1.210000000000000000e+05,5.460708703298586819e-01
1.026251660156250000e+04,1.000000000000000000e+00,1.215000000000000000e+05,5.447073947998904986e-01
1.751623242187500000e+04,1.000000000000000000e+00,1.220000000000000000e+05,5.433473237099367692e-01
5.080923828125000000e+03,1.000000000000000000e+00,1.225000000000000000e+05,5.419906485595050727e-01
7.974659667968750000e+03,0.000000000000000000e+00,1.230000000000000000e+05,5.406373608693263444e-01
4.461000976562500000e+03,1.000000000000000000e+00,1.235000000000000000e+05,5.392874521813090238e-01
4.876599609375000000e+03,1.000000000000000000e+00,1.240000000000000000e+05,5.379409140584769933e-01
1.434998925781250000e+04,1.000000000000000000e+00,1.245000000000000000e+05,5.365977380849183964e-01
5.834262695312500000e+03,0.000000000000000000e+00,1.250000000000000000e+05,5.352579158657391201e-01
3.291892578125000000e+03,0.000000000000000000e+00,1.255000000000000000e+05,5.339214390270038413e-01
4.875569824218750000e+03,1.000000000000000000e+00,1.260000000000000000e+05,5.325882992156859563e-01
6.004726562500000000e+03,0.000000000000000000e+00,1.265000000000000000e+05,5.312584880996145120e-01
8.019541015625000000e+03,1.000000000000000000e+00,1.270000000000000000e+05,5.299319973674240236e-01
9.457685546875000000e+03,1.000000000000000000e+00,1.275000000000000000e+05,5.286088187285036266e-01
4.111376953125000000e+03,1.000000000000000000e+00,1.280000000000000000e+05,5.272889439129408995e-01
7.779719238281250000e+03,1.000000000000000000e+00,1.285000000000000000e+05,5.259723646714706824e-01
6.403610351562500000e+03,0.000000000000000000e+00,1.290000000000000000e+05,5.246590727754280037e-01
6.274570800781250000e+03,0.000000000000000000e+00,1.295000000000000000e+05,5.233490600166962325e-01
1.142490820312500000e+04,0.000000000000000000e+00,1.300000000000000000e+05,5.220423182076466828e-01
4.293939941406250000e+03,0.000000000000000000e+00,1.305000000000000000e+05,5.207388391810998662e-01
8.745033203125000000e+03,0.000000000000000000e+00,1.310000000000000000e+05,5.194386147902663176e-01
3.272902343750000000e+03,1.000000000000000000e+00,1.315000000000000000e+05,5.181416369086980778e-01
8.940931640625000000e+03,1.000000000000000000e+00,1.320000000000000000e+05,5.168478974302382900e-01
3.596950683593750000e+03,1.000000000000000000e+00,1.325000000000000000e+05,5.155573882689711285e-01
3.268727783203125000e+03,0.000000000000000000e+00,1.330000000000000000e+05,5.142701013591706172e-01
6.461319335937500000e+03,0.000000000000000000e+00,1.335000000000000000e+05,5.129860286552504478e-01
6.574271972656250000e+03,0.000000000000000000e+00,1.340000000000000000e+05,5.117051621317092458e-01
3.802250000000000000e+03,0.000000000000000000e+00,1.345000000000000000e+05,5.104274937830882708e-01
3.282629150390625000e+03,1.000000000000000000e+00,1.350000000000000000e+05,5.091530156239155724e-01
3.500272460937500000e+03,0.000000000000000000e+00,1.355000000000000000e+05,5.078817196886596941e-01
4.472172851562500000e+03,1.000000000000000000e+00,1.360000000000000000e+05,5.066135980316756049e-01
6.497174804687500000e+03,1.000000000000000000e+00,1.365000000000000000e+05,5.053486427271606241e-01
4.467409667968750000e+03,1.000000000000000000e+00,1.370000000000000000e+05,5.040868458690996867e-01
4.737736816406250000e+03,1.000000000000000000e+00,1.375000000000000000e+05,5.028281995712199359e-01
7.131338378906250000e+03,0.000000000000000000e+00,1.380000000000000000e+05,5.015726959669379870e-01
5.164382812500000000e+03,0.000000000000000000e+00,1.385000000000000000e+05,5.003203272093122989e-01
7.323979980468750000e+03,1.000000000000000000e+00,1.390000000000000000e+05,4.990710854709952127e-01
5.169414550781250000e+03,1.000000000000000000e+00,1.395000000000000000e+05,4.978249629441830471e-01
2.998407958984375000e+03,0.000000000000000000e+00,1.400000000000000000e+05,4.965819518405671928e-01
3.823348632812500000e+03,0.000000000000000000e+00,1.405000000000000000e+05,4.953420443912845972e-01
8.401658203125000000e+03,1.000000000000000000e+00,1.410000000000000000e+05,4.941052328468718002e-01
7.390014648437500000e+03,0.000000000000000000e+00,1.415000000000000000e+05,4.928715094772135874e-01
3.473179199218750000e+03,1.000000000000000000e+00,1.420000000000000000e+05,4.916408665714969151e-01
5.853695312500000000e+03,1.000000000000000000e+00,1.425000000000000000e+05,4.904132964381596738e-01
1.944850708007812500e+03,0.000000000000000000e+00,1.430000000000000000e+05,4.891887914048468899e-01
5.320249023437500000e+03,0.000000000000000000e+00,1.435000000000000000e+05,4.879673438183600997e-01
6.933299316406250000e+03,1.000000000000000000e+00,1.440000000000000000e+05,4.867489460446097760e-01
4.236323242187500000e+03,0.000000000000000000e+00,1.445000000000000000e+05,4.855335904685680881e-01
3.135198242187500000e+03,1.000000000000000000e+00,1.450000000000000000e+05,4.843212694942201635e-01
2.051422363281250000e+03,1.000000000000000000e+00,1.455000000000000000e+05,4.831119755445179575e-01
1.121058593750000000e+04,1.000000000000000000e+00,1.460000000000000000e+05,4.819057010613339020e-01
4.398367187500000000e+03,1.000000000000000000e+00,1.465000000000000000e+05,4.807024385054094462e-01
3.264227050781250000e+03,1.000000000000000000e+00,1.470000000000000000e+05,4.795021803563127571e-01
6.433819824218750000e+03,1.000000000000000000e+00,1.475000000000000000e+05,4.783049191123878163e-01
8.807019531250000000e+03,1.000000000000000000e+00,1.480000000000000000e+05,4.771106472907116758e-01
3.668856933593750000e+03,0.000000000000000000e+00,1.485000000000000000e+05,4.759193574270441096e-01
1.014397656250000000e+04,0.000000000000000000e+00,1.490000000000000000e+05,4.747310420757829830e-01
3.967361328125000000e+03,1.000000000000000000e+00,1.495000000000000000e+05,4.735456938099155133e-01
4.984591308593750000e+03,1.000000000000000000e+00,1.500000000000000000e+05,4.723633052209737504e-01
2.562724609375000000e+03,0.000000000000000000e+00,1.505000000000000000e+05,4.711838689189885576e-01
5.778733398437500000e+03,0.000000000000000000e+00,1.510000000000000000e+05,4.700073775324432601e-01
1.068104492187500000e+04,1.000000000000000000e+00,1.515000000000000000e+05,4.688338237082251836e-01
5.262742187500000000e+03,1.000000000000000000e+00,1.520000000000000000e+05,4.676632001115825221e-01
2.950311279296875000e+03,1.000000000000000000e+00,1.525000000000000000e+05,4.664954994260777643e-01
2.372028808593750000e+03,1.000000000000000000e+00,1.530000000000000000e+05,4.653307143535417856e-01
5.183522949218750000e+03,1.000000000000000000e+00,1.535000000000000000e+05,4.641688376140259975e-01
3.518078125000000000e+03,1.000000000000000000e+00,1.540000000000000000e+05,4.630098619457616027e-01
4.471120117187500000e+03,0.000000000000000000e+00,1.545000000000000000e+05,4.618537801051116332e-01
5.288993652343750000e+03,0.000000000000000000e+00,1.550000000000000000e+05,4.607005848665226555e-01
2.822193359375000000e+03,0.000000000000000000e+00,1.555000000000000000e+05,4.595502690224866349e-01
4.247735351562500000e+03,0.000000000000000000e+00,1.560000000000000000e+05,4.584028253834888655e-01
3.531806152343750000e+03,1.000000000000000000e+00,1.565000000000000000e+05,4.572582467779662263e-01
6.369123046875000000e+03,0.000000000000000000e+00,1.570000000000000000e+05,4.561165260522648257e-01
4.715643554687500000e+03,1.000000000000000000e+00,1.575000000000000000e+05,4.549776560705889317e-01
3.970870361328125000e+03,0.000000000000000000e+00,1.580000000000000000e+05,4.538416297149627798e-01
6.886991699218750000e+03,1.000000000000000000e+00,1.585000000000000000e+05,4.527084398851825564e-01
4.813891601562500000e+03,0.000000000000000000e+00,1.590000000000000000e+05,4.515780794987726554e-01
3.799687011718750000e+03,0.000000000000000000e+00,1.595000000000000000e+05,4.504505414909416583e-01
3.982841064453125000e+03,1.000000000000000000e+00,1.600000000000000000e+05,4.493258188145379806e-01
4.590237304687500000e+03,1.000000000000000000e+00,1.605000000000000000e+05,4.482039044400055738e-01
4.103526367187500000e+03,0.000000000000000000e+00,1.610000000000000000e+05,4.470847913553421815e-01
6.155591308593750000e+03,0.000000000000000000e+00,1.615000000000000000e+05,4.459684725660509330e-01
4.800729492187500000e+03,1.000000000000000000e+00,1.620000000000000000e+05,4.448549410951017080e-01
3.879015869140625000e+03,0.000000000000000000e+00,1.625000000000000000e+05,4.437441899828845626e-01
2.839747802734375000e+03,1.000000000000000000e+00,1.630000000000000000e+05,4.426362122871669302e-01
5.631868652343750000e+03,0.000000000000000000e+00,1.635000000000000000e+05,4.415310010830486576e-01
5.662937011718750000e+03,1.000000000000000000e+00,1.640000000000000000e+05,4.404285494629231468e-01
7.079229492187500000e+03,0.000000000000000000e+00,1.645000000000000000e+05,4.393288505364287277e-01
5.386365234375000000e+03,0.000000000000000000e+00,1.650000000000000000e+05,4.382318974304096337e-01
3.154524414062500000e+03,0.000000000000000000e+00,1.655000000000000000e+05,4.371376832888707042e-01
5.431679687500000000e+03,0.000000000000000000e+00,1.660000000000000000e+05,4.360462012729354186e-01
9.280941406250000000e+03,1.000000000000000000e+00,1.665000000000000000e+05,4.349574445608042628e-01
1.280930664062500000e+04,0.000000000000000000e+00,1.670000000000000000e+05,4.338714063477100980e-01
3.024621826171875000e+03,1.000000000000000000e+00,1.675000000000000000e+05,4.327880798458757505e-01
3.386841064453125000e+03,0.000000000000000000e+00,1.680000000000000000e+05,4.317074582844747654e-01
2.587932617187500000e+03,0.000000000000000000e+00,1.685000000000000000e+05,4.306295349095836111e-01
6.814694335937500000e+03,1.000000000000000000e+00,1.690000000000000000e+05,4.295543029841453198e-01
5.213870117187500000e+03,1.000000000000000000e+00,1.695000000000000000e+05,4.284817557879228023e-01
6.887447753906250000e+03,0.000000000000000000e+00,1.700000000000000000e+05,4.274118866174586029e-01
3.379253417968750000e+03,1.000000000000000000e+00,1.705000000000000000e+05,4.263446887860339873e-01
1.726446289062500000e+03,1.000000000000000000e+00,1.710000000000000000e+05,4.252801556236254221e-01
3.818118164062500000e+03,0.000000000000000000e+00,1.715000000000000000e+05,4.242182804768643845e-01
2.692878173828125000e+03,0.000000000000000000e+00,1.720000000000000000e+05,4.231590567089943966e-01
5.377646972656250000e+03,1.000000000000000000e+00,1.725000000000000000e+05,4.221024776998292816e-01
6.284212890625000000e+03,0.000000000000000000e+00,1.730000000000000000e+05,4.210485368457153044e-01
2.680791748046875000e+03,0.000000000000000000e+00,1.735000000000000000e+05,4.199972275594849869e-01
1.579471801757812500e+03,0.000000000000000000e+00,1.740000000000000000e+05,4.189485432704188606e-01
2.520527832031250000e+03,0.000000000000000000e+00,1.745000000000000000e+05,4.179024774242039442e-01
7.413332031250000000e+03,0.000000000000000000e+00,1.750000000000000000e+05,4.168590234828929431e-01
4.123708984375000000e+03,0.000000000000000000e+00,1.755000000000000000e+05,4.158181749248630599e-01
6.048509765625000000e+03,1.000000000000000000e+00,1.760000000000000000e+05,4.147799252447739171e-01
3.785443847656250000e+03,0.000000000000000000e+00,1.765000000000000000e+05,4.137442679535299761e-01
4.058508544921875000e+03,1.000000000000000000e+00,1.770000000000000000e+05,4.127111965782372383e-01
3.704444335937500000e+03,0.000000000000000000e+00,1.775000000000000000e+05,4.116807046621631661e-01
1.951994506835937500e+03,1.000000000000000000e+00,1.780000000000000000e+05,4.106527857646993240e-01
2.289436523437500000e+03,0.000000000000000000e+00,1.785000000000000000e+05,4.096274334613165813e-01
5.299816406250000000e+03,0.000000000000000000e+00,1.790000000000000000e+05,4.086046413435264757e-01
2.774104003906250000e+03,0.000000000000000000e+00,1.795000000000000000e+05,4.075844030188440215e-01
4.020513183593750000e+03,1.000000000000000000e+00,1.800000000000000000e+05,4.065667121107441884e-01
5.157812011718750000e+03,0.000000000000000000e+00,1.805000000000000000e+05,4.055515622586241542e-01
3.705211425781250000e+03,0.000000000000000000e+00,1.810000000000000000e+05,4.045389471177623930e-01
1.544767578125000000e+03,0.000000000000000000e+00,1.815000000000000000e+05,4.035288603592787071e-01
4.615916992187500000e+03,0.000000000000000000e+00,1.820000000000000000e+05,4.025212956700959799e-01
1.787542724609375000e+03,1.000000000000000000e+00,1.825000000000000000e+05,4.015162467529002077e-01
1.154378417968750000e+03,0.000000000000000000e+00,1.830000000000000000e+05,4.005137073261011427e-01
3.120942382812500000e+03,0.000000000000000000e+00,1.835000000000000000e+05,3.995136711237940452e-01
5.543552246093750000e+03,1.000000000000000000e+00,1.840000000000000000e+05,3.985161318957154974e-01
2.915080566406250000e+03,1.000000000000000000e+00,1.845000000000000000e+05,3.975210834072124277e-01
2.059942871093750000e+03,1.000000000000000000e+00,1.850000000000000000e+05,3.965285194391978685e-01
3.172249023437500000e+03,1.000000000000000000e+00,1.855000000000000000e+05,3.955384337881124313e-01
1.626073852539062500e+03,1.000000000000000000e+00,1.860000000000000000e+05,3.945508202658855601e-01
1.633470947265625000e+03,1.000000000000000000e+00,1.865000000000000000e+05,3.935656726998997823e-01
3.771531982421875000e+03,1.000000000000000000e+00,1.870000000000000000e+05,3.925829849329485199e-01
7.117373535156250000e+03,0.000000000000000000e+00,1.875000000000000000e+05,3.916027508231991194e-01
8.917093750000000000e+03,1.000000000000000000e+00,1.880000000000000000e+05,3.906249642441547709e-01
5.356564453125000000e+03,0.000000000000000000e+00,1.885000000000000000e+05,3.896496190846160945e-01
2.951897949218750000e+03,1.000000000000000000e+00,1.890000000000000000e+05,3.886767092486416164e-01
1.664443725585937500e+03,1.000000000000000000e+00,1.895000000000000000e+05,3.877062286555108539e-01
4.160183105468750000e+03,0.000000000000000000e+00,1.900000000000000000e+05,3.867381712396867899e-01
2.269065429687500000e+03,0.000000000000000000e+00,1.905000000000000000e+05,3.857725309507782363e-01
3.636409667968750000e+03,1.000000000000000000e+00,1.910000000000000000e+05,3.848093017534995330e-01
3.612516845703125000e+03,0.000000000000000000e+00,1.915000000000000000e+05,3.838484776276344657e-01
3.910908691406250000e+03,1.000000000000000000e+00,1.920000000000000000e+05,3.828900525679997391e-01
4.078396240234375000e+03,1.000000000000000000e+00,1.925000000000000000e+05,3.819340205844061753e-01
2.442123535156250000e+03,0.000000000000000000e+00,1.930000000000000000e+05,3.809803757016196335e-01
2.771814208984375000e+03,0.000000000000000000e+00,1.935000000000000000e+05,3.800291119593267042e-01
2.333648925781250000e+03,1.000000000000000000e+00,1.940000000000000000e+05,3.790802234120965175e-01
6.452732421875000000e+03,0.000000000000000000e+00,1.945000000000000000e+05,3.781337041293431622e-01
1.339928100585937500e+03,0.000000000000000000e+00,1.950000000000000000e+05,3.771895481952886597e-01
8.936996093750000000e+03,1.000000000000000000e+00,1.955000000000000000e+05,3.762477497089251055e-01
3.518470703125000000e+03,1.000000000000000000e+00,1.960000000000000000e+05,3.753083027839800301e-01
7.204842773437500000e+03,0.000000000000000000e+00,1.965000000000000000e+05,3.743712015488777078e-01
2.036562255859375000e+03,0.000000000000000000e+00,1.970000000000000000e+05,3.734364401467029082e-01
2.079900390625000000e+03,1.000000000000000000e+00,1.975000000000000000e+05,3.725040127351649244e-01
3.500715332031250000e+03,1.000000000000000000e+00,1.980000000000000000e+05,3.715739134865596593e-01
1.066787841796875000e+03,1.000000000000000000e+00,1.985000000000000000e+05,3.706461365877352643e-01
2.551473144531250000e+03,0.000000000000000000e+00,1.990000000000000000e+05,3.697206762400529478e-01
2.026332397460937500e+03,0.000000000000000000e+00,1.995000000000000000e+05,3.687975266593545576e-01
1.664224121093750000e+03,1.000000000000000000e+00,2.000000000000000000e+05,3.678766820759239442e-01
1.398765869140625000e+03,1.000000000000000000e+00,2.005000000000000000e+05,3.669581367344502687e-01
5.948095703125000000e+03,1.000000000000000000e+00,2.010000000000000000e+05,3.660418848939926417e-01
3.911539794921875000e+03,0.000000000000000000e+00,2.015000000000000000e+05,3.651279208279462063e-01
2.424332519531250000e+03,0.000000000000000000e+00,2.020000000000000000e+05,3.642162388240038351e-01
4.056350585937500000e+03,1.000000000000000000e+00,2.025000000000000000e+05,3.633068331841214915e-01
3.159780761718750000e+03,0.000000000000000000e+00,2.030000000000000000e+05,3.623996982244826470e-01
3.480813232421875000e+03,0.000000000000000000e+00,2.035000000000000000e+05,3.614948282754625875e-01
4.880531005859375000e+02,0.000000000000000000e+00,2.040000000000000000e+05,3.605922176815923863e-01
1.251368286132812500e+03,1.000000000000000000e+00,2.045000000000000000e+05,3.596918608015255980e-01
1.363550537109375000e+03,0.000000000000000000e+00,2.050000000000000000e+05,3.587937520080001219e-01
1.278471069335937500e+03,1.000000000000000000e+00,2.055000000000000000e+05,3.578978856878048398e-01
2.192067626953125000e+03,1.000000000000000000e+00,2.060000000000000000e+05,3.570042562417444776e-01
3.265155517578125000e+03,0.000000000000000000e+00,2.065000000000000000e+05,3.561128580846044667e-01
1.570818237304687500e+03,1.000000000000000000e+00,2.070000000000000000e+05,3.552236856451156388e-01
1.467359741210937500e+03,1.000000000000000000e+00,2.075000000000000000e+05,3.543367333659189766e-01
9.972616577148437500e+02,0.000000000000000000e+00,2.080000000000000000e+05,3.534519957035323623e-01
6.115125000000000000e+03,0.000000000000000000e+00,2.085000000000000000e+05,3.525694671283147730e-01
5.928742675781250000e+02,0.000000000000000000e+00,2.090000000000000000e+05,3.516891421244329186e-01
2.348786132812500000e+03,0.000000000000000000e+00,2.095000000000000000e+05,3.508110151898240492e-01
7.081922607421875000e+02,0.000000000000000000e+00,2.100000000000000000e+05,3.499350808361650356e-01
1.659454223632812500e+03,0.000000000000000000e+00,2.105000000000000000e+05,3.490613335888357871e-01
5.887332519531250000e+03,1.000000000000000000e+00,2.110000000000000000e+05,3.481897679868854456e-01
4.632998046875000000e+03,1.000000000000000000e+00,2.115000000000000000e+05,3.473203785830004109e-01
2.105502197265625000e+03,1.000000000000000000e+00,2.120000000000000000e+05,3.464531599434654274e-01
1.340915771484375000e+03,1.000000000000000000e+00,2.125000000000000000e+05,3.455881066481349406e-01
1.521371948242187500e+03,0.000000000000000000e+00,2.130000000000000000e+05,3.447252132903962374e-01
2.887746093750000000e+03,0.000000000000000000e+00,2.135000000000000000e+05,3.438644744771348072e-01
4.759645996093750000e+03,0.000000000000000000e+00,2.140000000000000000e+05,3.430058848287041440e-01
3.486407226562500000e+03,0.000000000000000000e+00,2.145000000000000000e+05,3.421494389788892754e-01
1.360641723632812500e+03,1.000000000000000000e+00,2.150000000000000000e+05,3.412951315748741776e-01
3.527464111328125000e+03,0.000000000000000000e+00,2.155000000000000000e+05,3.404429572772074142e-01
1.864133178710937500e+03,0.000000000000000000e+00,2.160000000000000000e+05,3.395929107597714380e-01
5.140113281250000000e+03,1.000000000000000000e+00,2.165000000000000000e+05,3.387449867097454548e-01
3.782025634765625000e+03,0.000000000000000000e+00,2.170000000000000000e+05,3.378991798275741143e-01
2.130270996093750000e+03,0.000000000000000000e+00,2.175000000000000000e+05,3.370554848269374237e-01
1.661829589843750000e+03,1.000000000000000000e+00,2.180000000000000000e+05,3.362138964347103354e-01
9.954182128906250000e+02,1.000000000000000000e+00,2.185000000000000000e+05,3.353744093909375446e-01
6.616010742187500000e+03,0.000000000000000000e+00,2.190000000000000000e+05,3.345370184487952425e-01
1.546347778320312500e+03,0.000000000000000000e+00,2.195000000000000000e+05,3.337017183745619731e-01
2.592221923828125000e+03,1.000000000000000000e+00,2.200000000000000000e+05,3.328685039475820506e-01
5.248311035156250000e+03,0.000000000000000000e+00,2.205000000000000000e+05,3.320373699602387485e-01
1.936234008789062500e+03,1.000000000000000000e+00,2.210000000000000000e+05,3.312083112179137201e-01
1.309403076171875000e+03,1.000000000000000000e+00,2.215000000000000000e+05,3.303813225389630737e-01
2.795244140625000000e+03,0.000000000000000000e+00,2.220000000000000000e+05,3.295563987546782925e-01
1.516112548828125000e+03,1.000000000000000000e+00,2.225000000000000000e+05,3.287335347092568139e-01
1.029453027343750000e+04,1.000000000000000000e+00,2.230000000000000000e+05,3.279127252597707209e-01
4.559693847656250000e+03,0.000000000000000000e+00,2.235000000000000000e+05,3.270939652761321592e-01
3.036144287109375000e+03,0.000000000000000000e+00,2.240000000000000000e+05,3.262772496410632495e-01
3.943170654296875000e+03,0.000000000000000000e+00,2.245000000000000000e+05,3.254625732500632806e-01
2.460580566406250000e+03,1.000000000000000000e+00,2.250000000000000000e+05,3.246499310113757919e-01
1.711079101562500000e+03,0.000000000000000000e+00,2.255000000000000000e+05,3.238393178459593180e-01
1.458979614257812500e+03,1.000000000000000000e+00,2.260000000000000000e+05,3.230307286874543049e-01
1.591027587890625000e+03,1.000000000000000000e+00,2.265000000000000000e+05,3.222241584821500249e-01
5.142565429687500000e+03,1.000000000000000000e+00,2.270000000000000000e+05,3.214196021889537680e-01
3.076586914062500000e+03,0.000000000000000000e+00,2.275000000000000000e+05,3.206170547793622538e-01
8.355568237304687500e+02,0.000000000000000000e+00,2.280000000000000000e+05,3.198165112374259933e-01
1.543934448242187500e+03,0.000000000000000000e+00,2.285000000000000000e+05,3.190179665597209224e-01
2.266427734375000000e+03,0.000000000000000000e+00,2.290000000000000000e+05,3.182214157553139300e-01
1.356041625976562500e+03,1.000000000000000000e+00,2.295000000000000000e+05,3.174268538457356570e-01
1.799767333984375000e+03,0.000000000000000000e+00,2.300000000000000000e+05,3.166342758649475786e-01
3.159077148437500000e+03,1.000000000000000000e+00,2.305000000000000000e+05,3.158436768593088639e-01
2.197666992187500000e+03,1.000000000000000000e+00,2.310000000000000000e+05,3.150550518875493422e-01
2.788540527343750000e+03,1.000000000000000000e+00,2.315000000000000000e+05,3.142683960207354743e-01
1.255129272460937500e+03,1.000000000000000000e+00,2.320000000000000000e+05,3.134837043422404879e-01
2.350454101562500000e+03,0.000000000000000000e+00,2.325000000000000000e+05,3.127009719477144567e-01
8.384908447265625000e+02,1.000000000000000000e+00,2.330000000000000000e+05,3.119201939450531036e-01
3.568941406250000000e+03,0.000000000000000000e+00,2.335000000000000000e+05,3.111413654543664919e-01
3.160122070312500000e+03,1.000000000000000000e+00,2.340000000000000000e+05,3.103644816079503266e-01
2.971088867187500000e+03,0.000000000000000000e+00,2.345000000000000000e+05,3.095895375502533686e-01
2.033569335937500000e+03,0.000000000000000000e+00,2.350000000000000000e+05,3.088165284378489583e-01
3.905502319335937500e+02,1.000000000000000000e+00,2.355000000000000000e+05,3.080454494394021525e-01
2.258169677734375000e+03,0.000000000000000000e+00,2.360000000000000000e+05,3.072762957356447444e-01
1.615252685546875000e+03,0.000000000000000000e+00,2.365000000000000000e+05,3.065090625193377938e-01
2.261381835937500000e+03,0.000000000000000000e+00,2.370000000000000000e+05,3.057437449952482567e-01
1.482019042968750000e+03,0.000000000000000000e+00,2.375000000000000000e+05,3.049803383801146794e-01
1.267745898437500000e+04,0.000000000000000000e+00,2.380000000000000000e+05,3.042188379026196099e-01
1.781249389648437500e+03,0.000000000000000000e+00,2.385000000000000000e+05,3.034592388033584553e-01
3.819646606445312500e+02,0.000000000000000000e+00,2.390000000000000000e+05,3.027015363348109500e-01
1.809231323242187500e+03,1.000000000000000000e+00,2.395000000000000000e+05,3.019457257613102907e-01
2.174036865234375000e+03,0.000000000000000000e+00,2.400000000000000000e+05,3.011918023590141047e-01
2.333165039062500000e+03,0.000000000000000000e+00,2.405000000000000000e+05,3.004397614158755281e-01
2.599226562500000000e+03,0.000000000000000000e+00,2.410000000000000000e+05,2.996895982316124529e-01
2.792781738281250000e+03,0.000000000000000000e+00,2.415000000000000000e+05,2.989413081176796050e-01
1.689338867187500000e+03,0.000000000000000000e+00,2.420000000000000000e+05,2.981948863972375130e-01
5.715534179687500000e+03,0.000000000000000000e+00,2.425000000000000000e+05,2.974503284051249197e-01
6.466192626953125000e+02,1.000000000000000000e+00,2.430000000000000000e+05,2.967076294878289167e-01
3.517626464843750000e+03,1.000000000000000000e+00,2.435000000000000000e+05,2.959667850034553571e-01
1.292221679687500000e+03,0.000000000000000000e+00,2.440000000000000000e+05,2.952277903217001565e-01
3.378085449218750000e+03,0.000000000000000000e+00,2.445000000000000000e+05,2.944906408238212037e-01
5.355839843750000000e+03,0.000000000000000000e+00,2.450000000000000000e+05,2.937553319026093290e-01
1.454265869140625000e+03,0.000000000000000000e+00,2.455000000000000000e+05,2.930218589623579395e-01
1.222132080078125000e+03,0.000000000000000000e+00,2.460000000000000000e+05,2.922902174188354296e-01
7.018914794921875000e+02,0.000000000000000000e+00,2.465000000000000000e+05,2.915604026992577036e-01
2.091429199218750000e+03,0.000000000000000000e+00,2.470000000000000000e+05,2.908324102422570889e-01
3.448413085937500000e+03,0.000000000000000000e+00,2.475000000000000000e+05,2.901062354978559132e-01
1.168709594726562500e+03,1.000000000000000000e+00,2.480000000000000000e+05,2.893818739274367502e-01
7.266990966796875000e+02,0.000000000000000000e+00,2.485000000000000000e+05,2.886593210037148860e-01
4.097011230468750000e+03,0.000000000000000000e+00,2.490000000000000000e+05,2.879385722107095646e-01
2.805296630859375000e+03,0.000000000000000000e+00,2.495000000000000000e+05,2.872196230437152886e-01
3.015023437500000000e+03,0.000000000000000000e+00,2.500000000000000000e+05,2.865024690092761728e-01
9.851403808593750000e+02,0.000000000000000000e+00,2.505000000000000000e+05,2.857871056251544695e-01
1.407569335937500000e+03,0.000000000000000000e+00,2.510000000000000000e+05,2.850735284203046449e-01
3.451436462402343750e+02,0.000000000000000000e+00,2.515000000000000000e+05,2.843617329348428480e-01
2.185619140625000000e+03,1.000000000000000000e+00,2.520000000000000000e+05,2.836517147200250943e-01
2.567750000000000000e+03,0.000000000000000000e+00,2.525000000000000000e+05,2.829434693382111288e-01
8.748047485351562500e+02,1.000000000000000000e+00,2.530000000000000000e+05,2.822369923628439969e-01
1.973347412109375000e+03,1.000000000000000000e+00,2.535000000000000000e+05,2.815322793784180710e-01
9.774322509765625000e+02,0.000000000000000000e+00,2.540000000000000000e+05,2.808293259804527375e-01
1.017911376953125000e+03,0.000000000000000000e+00,2.545000000000000000e+05,2.801281277754647525e-01
1.069908325195312500e+03,0.000000000000000000e+00,2.550000000000000000e+05,2.794286803809414854e-01
1.920638427734375000e+03,0.000000000000000000e+00,2.555000000000000000e+05,2.787309794253123307e-01
8.647952270507812500e+02,1.000000000000000000e+00,2.560000000000000000e+05,2.780350205479215631e-01
6.189805297851562500e+02,0.000000000000000000e+00,2.565000000000000000e+05,2.773407993990029685e-01
3.924332885742187500e+02,0.000000000000000000e+00,2.570000000000000000e+05,2.766483116396509789e-01
3.343791259765625000e+03,0.000000000000000000e+00,2.575000000000000000e+05,2.759575529417925832e-01
1.740930053710937500e+03,0.000000000000000000e+00,2.580000000000000000e+05,2.752685189881623473e-01
8.025445556640625000e+02,0.000000000000000000e+00,2.585000000000000000e+05,2.745812054722736595e-01
1.634027099609375000e+03,0.000000000000000000e+00,2.590000000000000000e+05,2.738956080983940278e-01
4.866178588867187500e+02,0.000000000000000000e+00,2.595000000000000000e+05,2.732117225815149375e-01
4.053268554687500000e+03,0.000000000000000000e+00,2.600000000000000000e+05,2.725295446473300909e-01
1.920214843750000000e+03,0.000000000000000000e+00,2.605000000000000000e+05,2.718490700322028220e-01
3.208801513671875000e+03,0.000000000000000000e+00,2.610000000000000000e+05,2.711702944831436146e-01
1.622303222656250000e+03,0.000000000000000000e+00,2.615000000000000000e+05,2.704932137577815698e-01
9.086328735351562500e+02,0.000000000000000000e+00,2.620000000000000000e+05,2.698178236243395922e-01
2.033028686523437500e+03,0.000000000000000000e+00,2.625000000000000000e+05,2.691441198616056352e-01
1.705404052734375000e+03,0.000000000000000000e+00,2.630000000000000000e+05,2.684720982589071658e-01
3.943306152343750000e+03,0.000000000000000000e+00,2.635000000000000000e+05,2.678017546160865181e-01
3.453329589843750000e+03,0.000000000000000000e+00,2.640000000000000000e+05,2.671330847434735811e-01
2.364376831054687500e+02,0.000000000000000000e+00,2.645000000000000000e+05,2.664660844618570446e-01
1.397041259765625000e+03,0.000000000000000000e+00,2.650000000000000000e+05,2.658007496024633598e-01
2.767296142578125000e+03,0.000000000000000000e+00,2.655000000000000000e+05,2.651370760069263199e-01
2.938330810546875000e+03,0.000000000000000000e+00,2.660000000000000000e+05,2.644750595272633009e-01
5.817662353515625000e+02,0.000000000000000000e+00,2.665000000000000000e+05,2.638146960258478946e-01
1.342123901367187500e+03,1.000000000000000000e+00,2.670000000000000000e+05,2.631559813753857058e-01
2.429171142578125000e+03,0.000000000000000000e+00,2.675000000000000000e+05,2.624989114588868189e-01
3.812038574218750000e+02,0.000000000000000000e+00,2.680000000000000000e+05,2.618434821696422055e-01
1.373210571289062500e+03,1.000000000000000000e+00,2.685000000000000000e+05,2.611896894111958023e-01
1.155960205078125000e+03,1.000000000000000000e+00,2.690000000000000000e+05,2.605375290973214741e-01
1.376520263671875000e+03,0.000000000000000000e+00,2.695000000000000000e+05,2.598869971519943700e-01
6.738366088867187500e+02,0.000000000000000000e+00,2.700000000000000000e+05,2.592380895093667759e-01
9.476669921875000000e+02,1.000000000000000000e+00,2.705000000000000000e+05,2.585908021137438006e-01
1.455490722656250000e+03,0.000000000000000000e+00,2.710000000000000000e+05,2.579451309195562869e-01
1.607091064453125000e+03,0.000000000000000000e+00,2.715000000000000000e+05,2.573010718913379957e-01
1.289516845703125000e+03,1.000000000000000000e+00,2.720000000000000000e+05,2.566586210036976845e-01
5.925992431640625000e+02,0.000000000000000000e+00,2.725000000000000000e+05,2.560177742412947377e-01
1.769746093750000000e+03,0.000000000000000000e+00,2.730000000000000000e+05,2.553785275988144088e-01
2.309039062500000000e+03,0.000000000000000000e+00,2.735000000000000000e+05,2.547408770809426737e-01
1.533115234375000000e+03,1.000000000000000000e+00,2.740000000000000000e+05,2.541048187023431937e-01
4.309109863281250000e+03,0.000000000000000000e+00,2.745000000000000000e+05,2.534703484876286161e-01
1.322530395507812500e+03,1.000000000000000000e+00,2.750000000000000000e+05,2.528374624713379815e-01
7.248952636718750000e+02,0.000000000000000000e+00,2.755000000000000000e+05,2.522061566979125757e-01
1.018623718261718750e+03,0.000000000000000000e+00,2.760000000000000000e+05,2.515764272216683972e-01
1.548293579101562500e+03,1.000000000000000000e+00,2.765000000000000000e+05,2.509482701067749510e-01
1.525690063476562500e+03,0.000000000000000000e+00,2.770000000000000000e+05,2.503216814272294366e-01
3.816656982421875000e+03,0.000000000000000000e+00,2.775000000000000000e+05,2.496966572668304907e-01
1.278775268554687500e+03,0.000000000000000000e+00,2.780000000000000000e+05,2.490731937191554279e-01
1.038309448242187500e+03,0.000000000000000000e+00,2.785000000000000000e+05,2.484512868875351499e-01
6.716830444335937500e+02,1.000000000000000000e+00,2.790000000000000000e+05,2.478309328850310522e-01
1.015578491210937500e+03,1.000000000000000000e+00,2.795000000000000000e+05,2.472121278344087125e-01
1.287526123046875000e+03,0.000000000000000000e+00,2.800000000000000000e+05,2.465948678681156858e-01
3.759748046875000000e+03,1.000000000000000000e+00,2.805000000000000000e+05,2.459791491282558029e-01
2.790281066894531250e+02,0.000000000000000000e+00,2.810000000000000000e+05,2.453649677665653839e-01
2.175592193603515625e+02,1.000000000000000000e+00,2.815000000000000000e+05,2.447523199443898401e-01
1.182325195312500000e+03,0.000000000000000000e+00,2.820000000000000000e+05,2.441412018326596933e-01
4.941845092773437500e+02,0.000000000000000000e+00,2.825000000000000000e+05,2.435316096118653462e-01
1.179543945312500000e+03,0.000000000000000000e+00,2.830000000000000000e+05,2.429235394720336561e-01
1.510143432617187500e+02,0.000000000000000000e+00,2.835000000000000000e+05,2.423169876127062861e-01
9.186223144531250000e+02,1.000000000000000000e+00,2.840000000000000000e+05,2.417119502429119493e-01
2.944436279296875000e+03,0.000000000000000000e+00,2.845000000000000000e+05,2.411084235811476462e-01
1.293965576171875000e+03,0.000000000000000000e+00,2.850000000000000000e+05,2.405064038553504091e-01
2.225281982421875000e+03,0.000000000000000000e+00,2.855000000000000000e+05,2.399058873028759864e-01
1.742665039062500000e+03,0.000000000000000000e+00,2.860000000000000000e+05,2.393068701704750834e-01
6.323562011718750000e+02,1.000000000000000000e+00,2.865000000000000000e+05,2.387093487142701864e-01
2.925301513671875000e+03,0.000000000000000000e+00,2.870000000000000000e+05,2.381133191997314436e-01
6.853296508789062500e+02,0.000000000000000000e+00,2.875000000000000000e+05,2.375187779016537382e-01
7.846972656250000000e+02,0.000000000000000000e+00,2.880000000000000000e+05,2.369257211041336797e-01
4.937584960937500000e+03,0.000000000000000000e+00,2.885000000000000000e+05,2.363341451005458449e-01
2.976957092285156250e+02,0.000000000000000000e+00,2.890000000000000000e+05,2.357440461935200182e-01
6.177387695312500000e+02,0.000000000000000000e+00,2.895000000000000000e+05,2.351554206949170167e-01
2.409133758544921875e+02,0.000000000000000000e+00,2.900000000000000000e+05,2.345682649258077068e-01
4.508807373046875000e+02,1.000000000000000000e+00,2.905000000000000000e+05,2.339825752164480799e-01
1.273212661743164062e+02,1.000000000000000000e+00,2.910000000000000000e+05,2.333983479062571031e-01
2.497446777343750000e+03,0.000000000000000000e+00,2.915000000000000000e+05,2.328155793437939602e-01
1.684607666015625000e+03,0.000000000000000000e+00,2.920000000000000000e+05,2.322342658867353471e-01
7.251516113281250000e+02,1.000000000000000000e+00,2.925000000000000000e+05,2.316544039018520462e-01
2.676580810546875000e+03,0.000000000000000000e+00,2.930000000000000000e+05,2.310759897649863337e-01
1.244253662109375000e+03,0.000000000000000000e+00,2.935000000000000000e+05,2.304990198610300800e-01
7.842229003906250000e+02,0.000000000000000000e+00,2.940000000000000000e+05,2.299234905839012133e-01
1.650696899414062500e+03,1.000000000000000000e+00,2.945000000000000000e+05,2.293493983365220701e-01
8.071907958984375000e+02,0.000000000000000000e+00,2.950000000000000000e+05,2.287767395307963025e-01
8.287193603515625000e+02,1.000000000000000000e+00,2.955000000000000000e+05,2.282055105875866463e-01
4.456212768554687500e+02,1.000000000000000000e+00,2.960000000000000000e+05,2.276357079366928271e-01
2.550800476074218750e+02,0.000000000000000000e+00,2.965000000000000000e+05,2.270673280168281905e-01
7.746086425781250000e+02,0.000000000000000000e+00,2.970000000000000000e+05,2.265003672755988295e-01
8.080985717773437500e+02,0.000000000000000000e+00,2.975000000000000000e+05,2.259348221694802705e-01
1.255561523437500000e+03,1.000000000000000000e+00,2.980000000000000000e+05,2.253706891637960730e-01
1.453354125976562500e+03,1.000000000000000000e+00,2.985000000000000000e+05,2.248079647326959585e-01
1.788829956054687500e+03,0.000000000000000000e+00,2.990000000000000000e+05,2.242466453591325515e-01
3.443679504394531250e+02,0.000000000000000000e+00,2.995000000000000000e+05,2.236867275348405071e-01
1.233518798828125000e+03,0.000000000000000000e+00,3.000000000000000000e+05,2.231282077603135294e-01
3.569019165039062500e+02,1.000000000000000000e+00,3.005000000000000000e+05,2.225710825447845820e-01
8.019231567382812500e+02,0.000000000000000000e+00,3.010000000000000000e+05,2.220153484062011850e-01
1.157577880859375000e+03,1.000000000000000000e+00,3.015000000000000000e+05,2.214610018712060979e-01
8.808336639404296875e+01,0.000000000000000000e+00,3.020000000000000000e+05,2.209080394751144483e-01
1.315772247314453125e+02,0.000000000000000000e+00,3.025000000000000000e+05,2.203564577618920550e-01
1.718935546875000000e+03,0.000000000000000000e+00,3.030000000000000000e+05,2.198062532841341954e-01
2.096031250000000000e+03,0.000000000000000000e+00,3.035000000000000000e+05,2.192574226030439277e-01
9.574450683593750000e+02,0.000000000000000000e+00,3.040000000000000000e+05,2.187099622884104699e-01
6.547133789062500000e+02,0.000000000000000000e+00,3.045000000000000000e+05,2.181638689185877444e-01
6.952105102539062500e+02,0.000000000000000000e+00,3.050000000000000000e+05,2.176191390804739223e-01
1.481240356445312500e+03,0.000000000000000000e+00,3.055000000000000000e+05,2.170757693694886081e-01
5.176724243164062500e+02,0.000000000000000000e+00,3.060000000000000000e+05,2.165337563895516348e-01
1.731519897460937500e+03,1.000000000000000000e+00,3.065000000000000000e+05,2.159930967530640233e-01
1.877497406005859375e+02,0.000000000000000000e+00,3.070000000000000000e+05,2.154537870808837519e-01
5.721384277343750000e+02,0.000000000000000000e+00,3.075000000000000000e+05,2.149158240023075206e-01
3.110784423828125000e+03,0.000000000000000000e+00,3.080000000000000000e+05,2.143792041550469374e-01
5.770150146484375000e+02,0.000000000000000000e+00,3.085000000000000000e+05,2.138439241852095885e-01
5.958577270507812500e+02,0.000000000000000000e+00,3.090000000000000000e+05,2.133099807472769449e-01
2.416711578369140625e+02,1.000000000000000000e+00,3.095000000000000000e+05,2.127773705040844621e-01
1.499674438476562500e+03,1.000000000000000000e+00,3.100000000000000000e+05,2.122460901267996247e-01
1.166758666992187500e+03,0.000000000000000000e+00,3.105000000000000000e+05,2.117161362949016579e-01
1.047231201171875000e+03,0.000000000000000000e+00,3.110000000000000000e+05,2.111875056961607378e-01
4.472370529174804688e+01,1.000000000000000000e+00,3.115000000000000000e+05,2.106601950266176748e-01
6.343781127929687500e+02,0.000000000000000000e+00,3.120000000000000000e+05,2.101342009905626806e-01
2.915064941406250000e+03,0.000000000000000000e+00,3.125000000000000000e+05,2.096095203005144680e-01
3.619494018554687500e+02,0.000000000000000000e+00,3.130000000000000000e+05,2.090861496772005168e-01
2.184398925781250000e+03,1.000000000000000000e+00,3.135000000000000000e+05,2.085640858495368399e-01
3.209864501953125000e+02,0.000000000000000000e+00,3.140000000000000000e+05,2.080433255546063342e-01
3.935001220703125000e+02,1.000000000000000000e+00,3.145000000000000000e+05,2.075238655376391850e-01
9.319877929687500000e+02,0.000000000000000000e+00,3.150000000000000000e+05,2.070057025519922156e-01
7.551741943359375000e+02,0.000000000000000000e+00,3.155000000000000000e+05,2.064888333591294034e-01
3.482171630859375000e+02,1.000000000000000000e+00,3.160000000000000000e+05,2.059732547285996751e-01
3.514971313476562500e+02,0.000000000000000000e+00,3.165000000000000000e+05,2.054589634380192820e-01
1.336242553710937500e+03,0.000000000000000000e+00,3.170000000000000000e+05,2.049459562730500950e-01
7.644592895507812500e+02,0.000000000000000000e+00,3.175000000000000000e+05,2.044342300273795099e-01
9.111787719726562500e+02,0.000000000000000000e+00,3.180000000000000000e+05,2.039237815027005463e-01
1.519239624023437500e+03,0.000000000000000000e+00,3.185000000000000000e+05,2.034146075086924466e-01
1.877171020507812500e+02,0.000000000000000000e+00,3.190000000000000000e+05,2.029067048629999981e-01
2.819446777343750000e+03,0.000000000000000000e+00,3.195000000000000000e+05,2.024000703912146037e-01
1.010693237304687500e+03,1.000000000000000000e+00,3.200000000000000000e+05,2.018947009268528547e-01
9.989506835937500000e+02,0.000000000000000000e+00,3.205000000000000000e+05,2.013905933113384061e-01
9.294422607421875000e+02,0.000000000000000000e+00,3.210000000000000000e+05,2.008877443939810770e-01
4.245004394531250000e+03,1.000000000000000000e+00,3.215000000000000000e+05,2.003861510319578376e-01
4.959679565429687500e+02,0.000000000000000000e+00,3.220000000000000000e+05,1.998858100902931589e-01
5.407821044921875000e+02,0.000000000000000000e+00,3.225000000000000000e+05,1.993867184418386951e-01
4.195061340332031250e+02,1.000000000000000000e+00,3.230000000000000000e+05,1.988888729672544931e-01
5.097963867187500000e+02,1.000000000000000000e+00,3.235000000000000000e+05,1.983922705549892307e-01
6.395685424804687500e+02,0.000000000000000000e+00,3.240000000000000000e+05,1.978969081012603715e-01
1.057658935546875000e+03,0.000000000000000000e+00,3.245000000000000000e+05,1.974027825100354294e-01
7.713039550781250000e+02,1.000000000000000000e+00,3.250000000000000000e+05,1.969098906930130677e-01
7.448640136718750000e+02,0.000000000000000000e+00,3.255000000000000000e+05,1.964182295696015879e-01
1.534936828613281250e+02,0.000000000000000000e+00,3.260000000000000000e+05,1.959277960669024710e-01
1.399455444335937500e+03,1.000000000000000000e+00,3.265000000000000000e+05,1.954385871196895885e-01
2.818071289062500000e+02,0.000000000000000000e+00,3.270000000000000000e+05,1.949505996703899402e-01
1.180918701171875000e+03,0.000000000000000000e+00,3.275000000000000000e+05,1.944638306690651686e-01
5.770029907226562500e+02,1.000000000000000000e+00,3.280000000000000000e+05,1.939782770733921302e-01
1.653586578369140625e+02,0.000000000000000000e+00,3.285000000000000000e+05,1.934939358486437444e-01
1.733233947753906250e+02,0.000000000000000000e+00,3.290000000000000000e+05,1.930108039676710630e-01
2.757265930175781250e+02,1.000000000000000000e+00,3.295000000000000000e+05,1.925288784108832585e-01
4.159133911132812500e+01,0.000000000000000000e+00,3.300000000000000000e+05,1.920481561662289172e-01
1.813001556396484375e+02,0.000000000000000000e+00,3.305000000000000000e+05,1.915686342291772204e-01
2.512786712646484375e+02,0.000000000000000000e+00,3.310000000000000000e+05,1.910903096026999592e-01
2.411694335937500000e+03,0.000000000000000000e+00,3.315000000000000000e+05,1.906131792972511341e-01
1.033222167968750000e+03,0.000000000000000000e+00,3.320000000000000000e+05,1.901372403307499959e-01
6.041643066406250000e+02,1.000000000000000000e+00,3.325000000000000000e+05,1.896624897285617284e-01
7.543944091796875000e+02,0.000000000000000000e+00,3.330000000000000000e+05,1.891889245234784633e-01
7.904439544677734375e+01,0.000000000000000000e+00,3.335000000000000000e+05,1.887165417557020164e-01
4.050591125488281250e+02,0.000000000000000000e+00,3.340000000000000000e+05,1.882453384728231260e-01
4.374605712890625000e+02,1.000000000000000000e+00,3.345000000000000000e+05,1.877753117298049668e-01
1.363880859375000000e+03,1.000000000000000000e+00,3.350000000000000000e+05,1.873064585889646083e-01
4.780025390625000000e+03,1.000000000000000000e+00,3.355000000000000000e+05,1.868387761199534758e-01
7.854565429687500000e+02,0.000000000000000000e+00,3.360000000000000000e+05,1.863722613997400024e-01
3.953103637695312500e+02,0.000000000000000000e+00,3.365000000000000000e+05,1.859069115125910332e-01
5.973248291015625000e+02,0.000000000000000000e+00,3.370000000000000000e+05,1.854427235500542559e-01
4.183028564453125000e+02,0.000000000000000000e+00,3.375000000000000000e+05,1.849796946109382445e-01
1.704167633056640625e+02,0.000000000000000000e+00,3.380000000000000000e+05,1.845178218012965554e-01
2.014553710937500000e+03,0.000000000000000000e+00,3.385000000000000000e+05,1.840571022344074104e-01
3.903012390136718750e+02,0.000000000000000000e+00,3.390000000000000000e+05,1.835975330307585140e-01
6.549406433105468750e+01,1.000000000000000000e+00,3.395000000000000000e+05,1.831391113180260988e-01
2.555528259277343750e+02,0.000000000000000000e+00,3.400000000000000000e+05,1.826818342310586596e-01
4.757986450195312500e+02,0.000000000000000000e+00,3.405000000000000000e+05,1.822256989118586634e-01
2.790435180664062500e+02,0.000000000000000000e+00,3.410000000000000000e+05,1.817707025095649798e-01
3.240716171264648438e+01,0.000000000000000000e+00,3.415000000000000000e+05,1.813168421804339792e-01
1.944965515136718750e+02,0.000000000000000000e+00,3.420000000000000000e+05,1.808641150878227966e-01
3.953167724609375000e+02,0.000000000000000000e+00,3.425000000000000000e+05,1.804125184021718731e-01
1.309870147705078125e+02,1.000000000000000000e+00,3.430000000000000000e+05,1.799620493009863320e-01
7.491370849609375000e+02,0.000000000000000000e+00,3.435000000000000000e+05,1.795127049688185206e-01
4.986976318359375000e+02,0.000000000000000000e+00,3.440000000000000000e+05,1.790644825972507181e-01
4.024271850585937500e+02,1.000000000000000000e+00,3.445000000000000000e+05,1.786173793848780111e-01
7.458188476562500000e+02,1.000000000000000000e+00,3.450000000000000000e+05,1.781713925372897800e-01
2.937138977050781250e+02,0.000000000000000000e+00,3.455000000000000000e+05,1.777265192670528238e-01
1.411364440917968750e+02,1.000000000000000000e+00,3.460000000000000000e+05,1.772827567936931248e-01
3.459337158203125000e+03,0.000000000000000000e+00,3.465000000000000000e+05,1.768401023436810271e-01
1.305386718750000000e+03,0.000000000000000000e+00,3.470000000000000000e+05,1.763985531504109472e-01
2.865985717773437500e+02,1.000000000000000000e+00,3.475000000000000000e+05,1.759581064541845541e-01
9.163539886474609375e+01,1.000000000000000000e+00,3.480000000000000000e+05,1.755187595021948654e-01
9.610278320312500000e+01,0.000000000000000000e+00,3.485000000000000000e+05,1.750805095485086504e-01
1.407155273437500000e+03,0.000000000000000000e+00,3.490000000000000000e+05,1.746433538540484443e-01
3.934523315429687500e+02,0.000000000000000000e+00,3.495000000000000000e+05,1.742072896865755061e-01
1.178254516601562500e+03,0.000000000000000000e+00,3.500000000000000000e+05,1.737723143206745813e-01
