1.000000000000000000e+00,2.600000000000000000e+01,2.600000000000000000e+01,9.998700081246743032e-01
2.000000000000000000e+00,5.900000000000000000e+01,3.300000000000000000e+01,9.997050427709349707e-01
3.000000000000000000e+00,1.500000000000000000e+02,9.100000000000000000e+01,9.992502793060958899e-01
4.000000000000000000e+00,1.660000000000000000e+02,1.600000000000000000e+01,9.991703422814316449e-01
5.000000000000000000e+00,2.360000000000000000e+02,7.000000000000000000e+01,9.988206929797041056e-01
6.000000000000000000e+00,3.100000000000000000e+02,7.400000000000000000e+01,9.984511967605731453e-01
7.000000000000000000e+00,5.340000000000000000e+02,2.240000000000000000e+02,9.973335546225143844e-01
8.000000000000000000e+00,7.840000000000000000e+02,2.500000000000000000e+02,9.960876634087324488e-01
9.000000000000000000e+00,8.150000000000000000e+02,3.100000000000000000e+01,9.959332813998625911e-01
1.000000000000000000e+01,8.850000000000000000e+02,7.000000000000000000e+01,9.955847648740279165e-01
1.100000000000000000e+01,1.036000000000000000e+03,1.510000000000000000e+02,9.948333801814934763e-01
1.200000000000000000e+01,1.286000000000000000e+03,2.500000000000000000e+02,9.935906122411186647e-01
1.300000000000000000e+01,1.320000000000000000e+03,3.400000000000000000e+01,9.934217157714018143e-01
1.400000000000000000e+01,1.326000000000000000e+03,6.000000000000000000e+00,9.933919134924591443e-01
1.500000000000000000e+01,1.371000000000000000e+03,4.500000000000000000e+01,9.931684248966098361e-01
1.600000000000000000e+01,1.427000000000000000e+03,5.600000000000000000e+01,9.928903759711803501e-01
1.700000000000000000e+01,1.677000000000000000e+03,2.500000000000000000e+02,9.916500352747907865e-01
1.800000000000000000e+01,1.901000000000000000e+03,2.240000000000000000e+02,9.905400061925214716e-01
1.900000000000000000e+01,1.907000000000000000e+03,6.000000000000000000e+00,9.905102903637855727e-01
2.000000000000000000e+01,2.157000000000000000e+03,2.500000000000000000e+02,9.892729229231678190e-01
2.100000000000000000e+01,2.186000000000000000e+03,2.900000000000000000e+01,9.891294883900112467e-01
2.200000000000000000e+01,2.237000000000000000e+03,5.100000000000000000e+01,9.888772918963982805e-01
2.300000000000000000e+01,2.277000000000000000e+03,4.000000000000000000e+01,9.886795357199037459e-01
2.400000000000000000e+01,2.297000000000000000e+03,2.000000000000000000e+01,9.885806724624180974e-01
2.500000000000000000e+01,2.547000000000000000e+03,2.500000000000000000e+02,9.873457155433134069e-01
2.600000000000000000e+01,2.656000000000000000e+03,1.090000000000000000e+02,9.868077573903544231e-01
2.700000000000000000e+01,2.658000000000000000e+03,2.000000000000000000e+00,9.867978893374506066e-01
2.800000000000000000e+01,2.893000000000000000e+03,2.350000000000000000e+02,9.856390798543412934e-01
2.900000000000000000e+01,3.143000000000000000e+03,2.500000000000000000e+02,9.844077976380155581e-01
3.000000000000000000e+01,3.164000000000000000e+03,2.100000000000000000e+01,9.843044399872401540e-01
3.100000000000000000e+01,3.215000000000000000e+03,5.100000000000000000e+01,9.840534737271837695e-01
3.200000000000000000e+01,3.416000000000000000e+03,2.010000000000000000e+02,9.830649943089877496e-01
3.300000000000000000e+01,3.436000000000000000e+03,2.000000000000000000e+01,9.829666924789748350e-01
3.400000000000000000e+01,3.437000000000000000e+03,1.000000000000000000e+00,9.829617776455124023e-01
3.500000000000000000e+01,3.484000000000000000e+03,4.700000000000000000e+01,9.827308081903141090e-01
3.600000000000000000e+01,3.502000000000000000e+03,1.800000000000000000e+01,9.826423661764214224e-01
3.700000000000000000e+01,3.512000000000000000e+03,1.000000000000000000e+01,9.825932351635702222e-01
3.800000000000000000e+01,3.634000000000000000e+03,1.220000000000000000e+02,9.819940345668765058e-01
3.900000000000000000e+01,3.884000000000000000e+03,2.500000000000000000e+02,9.807673058220323092e-01
4.000000000000000000e+01,3.964000000000000000e+03,8.000000000000000000e+01,9.803750763702467896e-01
4.100000000000000000e+01,4.014000000000000000e+03,5.000000000000000000e+01,9.801300126227375786e-01
4.200000000000000000e+01,4.132000000000000000e+03,1.180000000000000000e+02,9.795519050285265150e-01
4.300000000000000000e+01,4.276000000000000000e+03,1.440000000000000000e+02,9.788468797338998328e-01
4.400000000000000000e+01,4.279000000000000000e+03,3.000000000000000000e+00,9.788321971041170633e-01
4.500000000000000000e+01,4.303000000000000000e+03,2.400000000000000000e+01,9.787147439941582538e-01
4.600000000000000000e+01,4.524000000000000000e+03,2.210000000000000000e+02,9.776338587988747664e-01
4.700000000000000000e+01,4.774000000000000000e+03,2.500000000000000000e+02,9.764125768823802565e-01
4.800000000000000000e+01,5.024000000000000000e+03,2.500000000000000000e+02,9.751928206183637649e-01
4.900000000000000000e+01,5.074000000000000000e+03,5.000000000000000000e+01,9.749490522760987377e-01
5.000000000000000000e+01,5.084000000000000000e+03,1.000000000000000000e+01,9.749003059202875354e-01
5.100000000000000000e+01,5.173000000000000000e+03,8.900000000000000000e+01,9.744665707130526489e-01
5.200000000000000000e+01,5.236000000000000000e+03,6.300000000000000000e+01,9.741596613167692320e-01
5.300000000000000000e+01,5.263000000000000000e+03,2.700000000000000000e+01,9.740281583103852503e-01
5.400000000000000000e+01,5.269000000000000000e+03,6.000000000000000000e+00,9.739989378308939738e-01
5.500000000000000000e+01,5.516000000000000000e+03,2.470000000000000000e+02,9.727967886172250722e-01
5.600000000000000000e+01,5.537000000000000000e+03,2.100000000000000000e+01,9.726946500614409574e-01
5.700000000000000000e+01,5.544000000000000000e+03,7.000000000000000000e+00,9.726606062593490254e-01
5.800000000000000000e+01,5.648000000000000000e+03,1.040000000000000000e+02,9.721549529612075746e-01
5.900000000000000000e+01,5.649000000000000000e+03,1.000000000000000000e+00,9.721500921864427713e-01
6.000000000000000000e+01,5.742000000000000000e+03,9.300000000000000000e+01,9.716981463492581073e-01
6.100000000000000000e+01,5.789000000000000000e+03,4.700000000000000000e+01,9.714698235430374584e-01
6.200000000000000000e+01,5.872000000000000000e+03,8.300000000000000000e+01,9.710667462029033414e-01
6.300000000000000000e+01,6.122000000000000000e+03,2.500000000000000000e+02,9.698536680692309009e-01
6.400000000000000000e+01,6.348000000000000000e+03,2.260000000000000000e+02,9.687583496574609931e-01
6.500000000000000000e+01,6.358000000000000000e+03,1.000000000000000000e+01,9.687099128298162221e-01
6.600000000000000000e+01,6.608000000000000000e+03,2.500000000000000000e+02,9.674997789047070640e-01
6.700000000000000000e+01,6.694000000000000000e+03,8.600000000000000000e+01,9.670838423926921834e-01
6.800000000000000000e+01,6.697000000000000000e+03,3.000000000000000000e+00,9.670693362075872823e-01
6.900000000000000000e+01,6.803000000000000000e+03,1.060000000000000000e+02,9.665569239795979151e-01
7.000000000000000000e+01,6.838000000000000000e+03,3.500000000000000000e+01,9.663877908946437723e-01
7.100000000000000000e+01,6.856000000000000000e+03,1.800000000000000000e+01,9.663008196897973079e-01
7.200000000000000000e+01,6.972000000000000000e+03,1.160000000000000000e+02,9.657405263144246410e-01
7.300000000000000000e+01,6.978000000000000000e+03,6.000000000000000000e+00,9.657115544607852708e-01
7.400000000000000000e+01,7.133000000000000000e+03,1.550000000000000000e+02,9.649634160767951441e-01
7.500000000000000000e+01,7.211000000000000000e+03,7.800000000000000000e+01,9.645871527799756429e-01
7.600000000000000000e+01,7.300000000000000000e+03,8.900000000000000000e+01,9.641580059163764593e-01
7.700000000000000000e+01,7.545000000000000000e+03,2.450000000000000000e+02,9.629776325344904242e-01
7.800000000000000000e+01,7.706000000000000000e+03,1.610000000000000000e+02,9.622027455369381865e-01
7.900000000000000000e+01,7.947000000000000000e+03,2.410000000000000000e+02,9.610439866241161644e-01
8.000000000000000000e+01,8.197000000000000000e+03,2.500000000000000000e+02,9.598434291441795274e-01
8.100000000000000000e+01,8.208000000000000000e+03,1.100000000000000000e+01,9.597906390753409012e-01
8.200000000000000000e+01,8.212000000000000000e+03,4.000000000000000000e+00,9.597714434065273137e-01
8.300000000000000000e+01,8.294000000000000000e+03,8.200000000000000000e+01,9.593780167891288180e-01
8.400000000000000000e+01,8.362000000000000000e+03,6.800000000000000000e+01,9.590518828939869067e-01
8.500000000000000000e+01,8.473000000000000000e+03,1.110000000000000000e+02,9.585197554476826420e-01
8.600000000000000000e+01,8.477000000000000000e+03,4.000000000000000000e+00,9.585005851963510626e-01
8.700000000000000000e+01,8.569000000000000000e+03,9.200000000000000000e+01,9.580597752191993832e-01
8.800000000000000000e+01,8.671000000000000000e+03,1.020000000000000000e+02,9.575712880874218680e-01
8.900000000000000000e+01,8.847000000000000000e+03,1.760000000000000000e+02,9.567289939119556497e-01
9.000000000000000000e+01,8.894000000000000000e+03,4.700000000000000000e+01,9.565041884520468773e-01
9.100000000000000000e+01,8.982000000000000000e+03,8.800000000000000000e+01,9.560834181334566528e-01
9.200000000000000000e+01,8.997000000000000000e+03,1.500000000000000000e+01,9.560117143867605805e-01
9.300000000000000000e+01,9.000000000000000000e+03,3.000000000000000000e+00,9.559973742827454490e-01
9.400000000000000000e+01,9.093000000000000000e+03,9.300000000000000000e+01,9.555529377321152484e-01
9.500000000000000000e+01,9.097000000000000000e+03,4.000000000000000000e+00,9.555338268166929661e-01
9.600000000000000000e+01,9.266000000000000000e+03,1.690000000000000000e+02,9.547267397576136849e-01
9.700000000000000000e+01,9.451000000000000000e+03,1.850000000000000000e+02,9.538440236356858781e-01
9.800000000000000000e+01,9.518000000000000000e+03,6.700000000000000000e+01,9.535245386057830119e-01
9.900000000000000000e+01,9.543000000000000000e+03,2.500000000000000000e+01,9.534053551896162215e-01
1.000000000000000000e+02,9.645000000000000000e+03,1.020000000000000000e+02,9.529192412127809320e-01
1.010000000000000000e+02,9.793000000000000000e+03,1.480000000000000000e+02,9.522143400576188466e-01
1.020000000000000000e+02,9.796000000000000000e+03,3.000000000000000000e+00,9.522000569139338344e-01
1.030000000000000000e+02,9.926000000000000000e+03,1.300000000000000000e+02,9.515813264392971593e-01
1.040000000000000000e+02,1.017600000000000000e+04,2.500000000000000000e+02,9.503925899245024844e-01
1.050000000000000000e+02,1.025300000000000000e+04,7.700000000000000000e+01,9.500267582899079022e-01
1.060000000000000000e+02,1.028900000000000000e+04,3.600000000000000000e+01,9.498557684354876907e-01
1.070000000000000000e+02,1.040600000000000000e+04,1.170000000000000000e+02,9.493002639230984085e-01
1.080000000000000000e+02,1.048200000000000000e+04,7.600000000000000000e+01,9.489395974521079857e-01
1.090000000000000000e+02,1.053800000000000000e+04,5.600000000000000000e+01,9.486739308957056194e-01
1.100000000000000000e+02,1.078800000000000000e+04,2.500000000000000000e+02,9.474888263639570374e-01
1.110000000000000000e+02,1.102100000000000000e+04,2.330000000000000000e+02,9.463856418530214309e-01
1.120000000000000000e+02,1.119800000000000000e+04,1.770000000000000000e+02,9.455484589750822177e-01
1.130000000000000000e+02,1.127900000000000000e+04,8.100000000000000000e+01,9.451655884285369291e-01
1.140000000000000000e+02,1.133900000000000000e+04,6.000000000000000000e+01,9.448820805715405502e-01
1.150000000000000000e+02,1.158900000000000000e+04,2.500000000000000000e+02,9.437017129033823393e-01
1.160000000000000000e+02,1.178800000000000000e+04,1.990000000000000000e+02,9.427631943431528105e-01
1.170000000000000000e+02,1.182700000000000000e+04,3.900000000000000000e+01,9.425793729838662927e-01
1.180000000000000000e+02,1.190000000000000000e+04,7.300000000000000000e+01,9.422353934328622227e-01
1.190000000000000000e+02,1.209900000000000000e+04,1.990000000000000000e+02,9.412983331385441632e-01
1.200000000000000000e+02,1.219800000000000000e+04,9.900000000000000000e+01,9.408325046011402071e-01
1.210000000000000000e+02,1.224200000000000000e+04,4.400000000000000000e+01,9.406255436992578822e-01
1.220000000000000000e+02,1.225500000000000000e+04,1.300000000000000000e+01,9.405644048731032214e-01
1.230000000000000000e+02,1.232900000000000000e+04,7.400000000000000000e+01,9.402164595472883857e-01
1.240000000000000000e+02,1.233100000000000000e+04,2.000000000000000000e+00,9.402070574061982544e-01
1.250000000000000000e+02,1.241800000000000000e+04,8.700000000000000000e+01,9.397981552566334607e-01
1.260000000000000000e+02,1.251800000000000000e+04,1.000000000000000000e+02,9.393283724600304252e-01
1.270000000000000000e+02,1.276800000000000000e+04,2.500000000000000000e+02,9.381549426073196862e-01
1.280000000000000000e+02,1.292000000000000000e+04,1.520000000000000000e+02,9.374422139403094656e-01
1.290000000000000000e+02,1.292300000000000000e+04,3.000000000000000000e+00,9.374281523774082858e-01
1.300000000000000000e+02,1.293400000000000000e+04,1.100000000000000000e+01,9.373765951179713340e-01
1.310000000000000000e+02,1.311700000000000000e+04,1.830000000000000000e+02,9.365192856690441880e-01
1.320000000000000000e+02,1.336700000000000000e+04,2.500000000000000000e+02,9.353493649899043971e-01
1.330000000000000000e+02,1.339300000000000000e+04,2.600000000000000000e+01,9.352277771718642274e-01
1.340000000000000000e+02,1.364300000000000000e+04,2.500000000000000000e+02,9.340594698738059476e-01
1.350000000000000000e+02,1.371100000000000000e+04,6.800000000000000000e+01,9.337419428428825885e-01
1.360000000000000000e+02,1.392800000000000000e+04,2.170000000000000000e+02,9.327293797183114910e-01
1.370000000000000000e+02,1.393400000000000000e+04,6.000000000000000000e+00,9.327013981866908443e-01
1.380000000000000000e+02,1.398800000000000000e+04,5.400000000000000000e+01,9.324496021736797813e-01
1.390000000000000000e+02,1.400000000000000000e+04,1.200000000000000000e+01,9.323936567360652239e-01
1.400000000000000000e+02,1.400400000000000000e+04,4.000000000000000000e+00,9.323750090027889126e-01
1.410000000000000000e+02,1.408500000000000000e+04,8.100000000000000000e+01,9.319974726365732876e-01
1.420000000000000000e+02,1.419500000000000000e+04,1.100000000000000000e+02,9.314850136846013484e-01
1.430000000000000000e+02,1.440400000000000000e+04,2.090000000000000000e+02,9.305121178396685844e-01
1.440000000000000000e+02,1.451600000000000000e+04,1.120000000000000000e+02,9.299911756287513320e-01
1.450000000000000000e+02,1.457300000000000000e+04,5.700000000000000000e+01,9.297261652469424043e-01
1.460000000000000000e+02,1.460200000000000000e+04,2.900000000000000000e+01,9.295913643892766975e-01
1.470000000000000000e+02,1.472100000000000000e+04,1.190000000000000000e+02,9.290384206621727925e-01
1.480000000000000000e+02,1.475400000000000000e+04,3.300000000000000000e+01,9.288851415854362248e-01
1.490000000000000000e+02,1.487800000000000000e+04,1.240000000000000000e+02,9.283094098535988881e-01
1.500000000000000000e+02,1.512800000000000000e+04,2.500000000000000000e+02,9.271497451335583007e-01
1.510000000000000000e+02,1.514100000000000000e+04,1.300000000000000000e+01,9.270894822080330000e-01
1.520000000000000000e+02,1.539100000000000000e+04,2.500000000000000000e+02,9.259313414486860516e-01
1.530000000000000000e+02,1.546200000000000000e+04,7.100000000000000000e+01,9.256026933393397549e-01
1.540000000000000000e+02,1.549000000000000000e+04,2.800000000000000000e+01,9.254731177088378891e-01
1.550000000000000000e+02,1.550000000000000000e+04,1.000000000000000000e+01,9.254268450940954516e-01
1.560000000000000000e+02,1.560200000000000000e+04,1.020000000000000000e+02,9.249549965550768471e-01
1.570000000000000000e+02,1.585200000000000000e+04,2.500000000000000000e+02,9.237995222425856578e-01
1.580000000000000000e+02,1.595100000000000000e+04,9.900000000000000000e+01,9.233423534947505784e-01
1.590000000000000000e+02,1.610400000000000000e+04,1.530000000000000000e+02,9.226362649424062479e-01
1.600000000000000000e+02,1.616400000000000000e+04,6.000000000000000000e+01,9.223595148856299497e-01
1.610000000000000000e+02,1.636400000000000000e+04,2.000000000000000000e+02,9.214376140932055703e-01
1.620000000000000000e+02,1.661400000000000000e+04,2.500000000000000000e+02,9.202865337729592143e-01
1.630000000000000000e+02,1.663700000000000000e+04,2.300000000000000000e+01,9.201807066421832104e-01
1.640000000000000000e+02,1.687000000000000000e+04,2.330000000000000000e+02,9.191093176457285630e-01
1.650000000000000000e+02,1.689800000000000000e+04,2.800000000000000000e+01,9.189806510264639794e-01
1.660000000000000000e+02,1.691800000000000000e+04,2.000000000000000000e+01,9.188887573263878616e-01
1.670000000000000000e+02,1.715800000000000000e+04,2.400000000000000000e+02,9.177867493995646164e-01
1.680000000000000000e+02,1.717500000000000000e+04,1.700000000000000000e+01,9.177087406462618446e-01
1.690000000000000000e+02,1.729200000000000000e+04,1.170000000000000000e+02,9.171720366924323020e-01
1.700000000000000000e+02,1.754200000000000000e+04,2.500000000000000000e+02,9.160262850261555734e-01
1.710000000000000000e+02,1.769300000000000000e+04,1.510000000000000000e+02,9.153349444665050960e-01
1.720000000000000000e+02,1.774200000000000000e+04,4.900000000000000000e+01,9.151107143138491606e-01
1.730000000000000000e+02,1.778300000000000000e+04,4.100000000000000000e+01,9.149231353759635921e-01
1.740000000000000000e+02,1.795800000000000000e+04,1.750000000000000000e+02,9.141229257747343073e-01
1.750000000000000000e+02,1.820800000000000000e+04,2.500000000000000000e+02,9.129809831254958041e-01
1.760000000000000000e+02,1.822100000000000000e+04,1.300000000000000000e+01,9.129216411418726862e-01
1.770000000000000000e+02,1.823400000000000000e+04,1.300000000000000000e+01,9.128623030153626416e-01
1.780000000000000000e+02,1.827800000000000000e+04,4.400000000000000000e+01,9.126614948963805984e-01
1.790000000000000000e+02,1.831400000000000000e+04,3.600000000000000000e+01,9.124972302009024538e-01
1.800000000000000000e+02,1.854300000000000000e+04,2.290000000000000000e+02,9.114530161883833692e-01
1.810000000000000000e+02,1.855700000000000000e+04,1.400000000000000000e+01,9.113892165507639920e-01
1.820000000000000000e+02,1.856100000000000000e+04,4.000000000000000000e+00,9.113709889031407219e-01
1.830000000000000000e+02,1.867400000000000000e+04,1.130000000000000000e+02,9.108562084466281794e-01
1.840000000000000000e+02,1.870000000000000000e+04,2.600000000000000000e+01,9.107378045399399102e-01
1.850000000000000000e+02,1.879100000000000000e+04,9.100000000000000000e+01,9.103235120618256015e-01
1.860000000000000000e+02,1.880100000000000000e+04,1.000000000000000000e+01,9.102779969103225177e-01
1.870000000000000000e+02,1.887300000000000000e+04,7.200000000000000000e+01,9.099503549914113032e-01
1.880000000000000000e+02,1.895000000000000000e+04,7.700000000000000000e+01,9.096000906592865975e-01
1.890000000000000000e+02,1.896600000000000000e+04,1.600000000000000000e+01,9.095273253807698577e-01
1.900000000000000000e+02,1.900400000000000000e+04,3.800000000000000000e+01,9.093545311729303027e-01
1.910000000000000000e+02,1.904000000000000000e+04,3.600000000000000000e+01,9.091908616788404451e-01
1.920000000000000000e+02,1.914700000000000000e+04,1.070000000000000000e+02,9.087045734458190083e-01
1.930000000000000000e+02,1.915900000000000000e+04,1.200000000000000000e+01,9.086500526707492753e-01
1.940000000000000000e+02,1.918400000000000000e+04,2.500000000000000000e+01,9.085364782287789209e-01
1.950000000000000000e+02,1.943400000000000000e+04,2.500000000000000000e+02,9.074015142938154366e-01
1.960000000000000000e+02,1.951500000000000000e+04,8.100000000000000000e+01,9.070340901703699554e-01
1.970000000000000000e+02,1.962200000000000000e+04,1.070000000000000000e+02,9.065489555043827474e-01
1.980000000000000000e+02,1.967400000000000000e+04,5.200000000000000000e+01,9.063132828255437978e-01
1.990000000000000000e+02,1.982200000000000000e+04,1.480000000000000000e+02,9.056428574081819560e-01
2.000000000000000000e+02,1.984000000000000000e+04,1.800000000000000000e+01,9.055613530150061763e-01
2.010000000000000000e+02,1.984200000000000000e+04,2.000000000000000000e+00,9.055522974241150269e-01
2.020000000000000000e+02,1.998200000000000000e+04,1.400000000000000000e+02,9.049186310408560141e-01
2.030000000000000000e+02,1.999900000000000000e+04,1.700000000000000000e+01,9.048417160338635412e-01
2.040000000000000000e+02,2.004500000000000000e+04,4.600000000000000000e+01,9.046336258502373218e-01
2.050000000000000000e+02,2.023400000000000000e+04,1.890000000000000000e+02,9.037791487416318992e-01
2.060000000000000000e+02,2.048400000000000000e+04,2.500000000000000000e+02,9.026501277682594804e-01
2.070000000000000000e+02,2.048700000000000000e+04,3.000000000000000000e+00,9.026365880840415690e-01
2.080000000000000000e+02,2.053300000000000000e+04,4.600000000000000000e+01,9.024290050227895543e-01
2.090000000000000000e+02,2.078300000000000000e+04,2.500000000000000000e+02,9.013016706789196419e-01
2.100000000000000000e+02,2.086700000000000000e+04,8.400000000000000000e+01,9.009232025149392920e-01
2.110000000000000000e+02,2.093700000000000000e+04,7.000000000000000000e+01,9.006079337811309093e-01
2.120000000000000000e+02,2.107000000000000000e+04,1.330000000000000000e+02,9.000092271004299649e-01
2.130000000000000000e+02,2.109000000000000000e+04,2.000000000000000000e+01,8.999192304526351105e-01
2.140000000000000000e+02,2.119800000000000000e+04,1.080000000000000000e+02,8.994334040385578710e-01
2.150000000000000000e+02,2.126300000000000000e+04,6.500000000000000000e+01,8.991411349478694026e-01
2.160000000000000000e+02,2.134600000000000000e+04,8.300000000000000000e+01,8.987680678609700768e-01
2.170000000000000000e+02,2.142500000000000000e+04,7.900000000000000000e+01,8.984131236928899478e-01
2.180000000000000000e+02,2.145500000000000000e+04,3.000000000000000000e+01,8.982783714941219300e-01
2.190000000000000000e+02,2.148200000000000000e+04,2.700000000000000000e+01,8.981571117960338579e-01
2.200000000000000000e+02,2.173000000000000000e+04,2.480000000000000000e+02,8.970440844144209613e-01
2.210000000000000000e+02,2.173200000000000000e+04,2.000000000000000000e+00,8.970351139960028863e-01
2.220000000000000000e+02,2.193100000000000000e+04,1.990000000000000000e+02,8.961430057247647962e-01
2.230000000000000000e+02,2.202500000000000000e+04,9.400000000000000000e+01,8.957219164230849628e-01
2.240000000000000000e+02,2.225300000000000000e+04,2.280000000000000000e+02,8.947013727074379918e-01
2.250000000000000000e+02,2.244900000000000000e+04,1.960000000000000000e+02,8.938249926675860824e-01
2.260000000000000000e+02,2.263000000000000000e+04,1.810000000000000000e+02,8.930164449508726232e-01
2.270000000000000000e+02,2.270800000000000000e+04,7.800000000000000000e+01,8.926682355720577666e-01
2.280000000000000000e+02,2.288100000000000000e+04,1.730000000000000000e+02,8.918964094816251853e-01
2.290000000000000000e+02,2.294100000000000000e+04,6.000000000000000000e+01,8.916288800213805210e-01
2.300000000000000000e+02,2.296400000000000000e+04,2.300000000000000000e+01,8.915263483395325927e-01
2.310000000000000000e+02,2.303500000000000000e+04,7.100000000000000000e+01,8.912099118655757435e-01
2.320000000000000000e+02,2.307200000000000000e+04,3.700000000000000000e+01,8.910450528696589600e-01
2.330000000000000000e+02,2.326400000000000000e+04,1.920000000000000000e+02,8.901900579446366812e-01
2.340000000000000000e+02,2.349200000000000000e+04,2.280000000000000000e+02,8.891758169701664549e-01
2.350000000000000000e+02,2.356500000000000000e+04,7.300000000000000000e+01,8.888513262089091649e-01
2.360000000000000000e+02,2.358700000000000000e+04,2.200000000000000000e+01,8.887535576959708639e-01
2.370000000000000000e+02,2.383700000000000000e+04,2.500000000000000000e+02,8.876433070244489354e-01
2.380000000000000000e+02,2.408700000000000000e+04,2.500000000000000000e+02,8.865344433027090298e-01
2.390000000000000000e+02,2.433700000000000000e+04,2.500000000000000000e+02,8.854269647981440894e-01
2.400000000000000000e+02,2.448400000000000000e+04,1.470000000000000000e+02,8.847764134595376140e-01
2.410000000000000000e+02,2.467900000000000000e+04,1.950000000000000000e+02,8.839141747105073721e-01
2.420000000000000000e+02,2.476700000000000000e+04,8.800000000000000000e+01,8.835253370520951277e-01
2.430000000000000000e+02,2.501700000000000000e+04,2.500000000000000000e+02,8.824216175898492720e-01
2.440000000000000000e+02,2.502400000000000000e+04,7.000000000000000000e+00,8.823907332965008621e-01
2.450000000000000000e+02,2.527400000000000000e+04,2.500000000000000000e+02,8.812884312064503955e-01
2.460000000000000000e+02,2.527800000000000000e+04,4.000000000000000000e+00,8.812708055700189114e-01
2.470000000000000000e+02,2.535100000000000000e+04,7.300000000000000000e+01,8.809491996186256113e-01
2.480000000000000000e+02,2.538800000000000000e+04,3.700000000000000000e+01,8.807862386836436963e-01
2.490000000000000000e+02,2.563800000000000000e+04,2.500000000000000000e+02,8.796859409638790872e-01
2.500000000000000000e+02,2.572600000000000000e+04,8.800000000000000000e+01,8.792989633237316971e-01
2.510000000000000000e+02,2.573000000000000000e+04,4.000000000000000000e+00,8.792813774763595935e-01
2.520000000000000000e+02,2.598000000000000000e+04,2.500000000000000000e+02,8.781829596626180567e-01
2.530000000000000000e+02,2.603200000000000000e+04,5.200000000000000000e+01,8.779546612024435870e-01
2.540000000000000000e+02,2.616200000000000000e+04,1.300000000000000000e+02,8.773841746746489090e-01
2.550000000000000000e+02,2.625800000000000000e+04,9.600000000000000000e+01,8.769631302769299586e-01
2.560000000000000000e+02,2.631400000000000000e+04,5.600000000000000000e+01,8.767176143604926697e-01
2.570000000000000000e+02,2.638200000000000000e+04,6.800000000000000000e+01,8.764195802951847414e-01
2.580000000000000000e+02,2.650300000000000000e+04,1.210000000000000000e+02,8.758895054877129382e-01
2.590000000000000000e+02,2.665800000000000000e+04,1.550000000000000000e+02,8.752109523978574002e-01
2.600000000000000000e+02,2.667100000000000000e+04,1.300000000000000000e+01,8.751540653925812263e-01
2.610000000000000000e+02,2.678000000000000000e+04,1.090000000000000000e+02,8.746772351828974168e-01
2.620000000000000000e+02,2.688400000000000000e+04,1.040000000000000000e+02,8.742225201199732565e-01
2.630000000000000000e+02,2.690600000000000000e+04,2.200000000000000000e+01,8.741263606912260675e-01
2.640000000000000000e+02,2.710300000000000000e+04,1.970000000000000000e+02,8.732657679859439082e-01
2.650000000000000000e+02,2.716500000000000000e+04,6.200000000000000000e+01,8.729950968773778630e-01
2.660000000000000000e+02,2.722600000000000000e+04,6.100000000000000000e+01,8.727288733084267447e-01
2.670000000000000000e+02,2.747600000000000000e+04,2.500000000000000000e+02,8.716386410283341046e-01
2.680000000000000000e+02,2.759900000000000000e+04,1.230000000000000000e+02,8.711027467287489889e-01
2.690000000000000000e+02,2.760800000000000000e+04,9.000000000000000000e+00,8.710635478891294303e-01
2.700000000000000000e+02,2.762600000000000000e+04,1.800000000000000000e+01,8.709851555015480917e-01
2.710000000000000000e+02,2.764400000000000000e+04,1.800000000000000000e+01,8.709067701689816587e-01
2.720000000000000000e+02,2.771600000000000000e+04,7.200000000000000000e+01,8.705932993761691385e-01
2.730000000000000000e+02,2.777000000000000000e+04,5.400000000000000000e+01,8.703582703281119715e-01
2.740000000000000000e+02,2.785600000000000000e+04,8.600000000000000000e+01,8.699840957897225779e-01
2.750000000000000000e+02,2.789000000000000000e+04,3.400000000000000000e+01,8.698362106943137162e-01
2.760000000000000000e+02,2.805700000000000000e+04,1.670000000000000000e+02,8.691101987954983343e-01
2.770000000000000000e+02,2.812200000000000000e+04,6.500000000000000000e+01,8.688277831698735243e-01
2.780000000000000000e+02,2.821500000000000000e+04,9.300000000000000000e+01,8.684238711577367820e-01
2.790000000000000000e+02,2.822000000000000000e+04,5.000000000000000000e+00,8.684021607780625374e-01
2.800000000000000000e+02,2.822100000000000000e+04,1.000000000000000000e+00,8.683978187672586335e-01
2.810000000000000000e+02,2.825600000000000000e+04,3.500000000000000000e+01,8.682458620656806625e-01
2.820000000000000000e+02,2.825800000000000000e+04,2.000000000000000000e+00,8.682371796287661203e-01
2.830000000000000000e+02,2.839100000000000000e+04,1.330000000000000000e+02,8.676599923973643547e-01
2.840000000000000000e+02,2.841700000000000000e+04,2.600000000000000000e+01,8.675472036478076854e-01
2.850000000000000000e+02,2.841800000000000000e+04,1.000000000000000000e+00,8.675428659117894181e-01
2.860000000000000000e+02,2.866800000000000000e+04,2.500000000000000000e+02,8.664591121072482416e-01
2.870000000000000000e+02,2.869600000000000000e+04,2.800000000000000000e+01,8.663378160192362065e-01
2.880000000000000000e+02,2.874400000000000000e+04,4.800000000000000000e+01,8.661299193722439282e-01
2.890000000000000000e+02,2.883000000000000000e+04,8.600000000000000000e+01,8.657575626384540479e-01
2.900000000000000000e+02,2.887600000000000000e+04,4.600000000000000000e+01,8.655584607988799917e-01
2.910000000000000000e+02,2.912600000000000000e+04,2.500000000000000000e+02,8.644771859572520922e-01
2.920000000000000000e+02,2.912900000000000000e+04,3.000000000000000000e+00,8.644642188642982505e-01
2.930000000000000000e+02,2.919300000000000000e+04,6.400000000000000000e+01,8.641876338787546352e-01
2.940000000000000000e+02,2.920600000000000000e+04,1.300000000000000000e+01,8.641314633676869805e-01
2.950000000000000000e+02,2.926000000000000000e+04,5.400000000000000000e+01,8.638981787842002769e-01
2.960000000000000000e+02,2.951000000000000000e+04,2.500000000000000000e+02,8.628189780037178735e-01
2.970000000000000000e+02,2.972800000000000000e+04,2.180000000000000000e+02,8.618790153404944920e-01
2.980000000000000000e+02,2.991400000000000000e+04,1.860000000000000000e+02,8.610778384582743472e-01
2.990000000000000000e+02,2.991600000000000000e+04,2.000000000000000000e+00,8.610692277014166951e-01
3.000000000000000000e+02,3.016600000000000000e+04,2.500000000000000000e+02,8.599935609094203626e-01
3.010000000000000000e+02,3.035600000000000000e+04,1.900000000000000000e+02,8.591769529352327739e-01
3.020000000000000000e+02,3.060600000000000000e+04,2.500000000000000000e+02,8.581036500148749857e-01
3.030000000000000000e+02,3.082800000000000000e+04,2.220000000000000000e+02,8.571516810239616646e-01
3.040000000000000000e+02,3.082900000000000000e+04,1.000000000000000000e+00,8.571473952655564998e-01
3.050000000000000000e+02,3.107900000000000000e+04,2.500000000000000000e+02,8.560766277136904190e-01
3.060000000000000000e+02,3.112700000000000000e+04,4.800000000000000000e+01,8.558711934625478079e-01
3.070000000000000000e+02,3.132800000000000000e+04,2.010000000000000000e+02,8.550114728457808289e-01
3.080000000000000000e+02,3.136300000000000000e+04,3.500000000000000000e+01,8.548618585556282401e-01
3.090000000000000000e+02,3.161300000000000000e+04,2.500000000000000000e+02,8.537939461469513658e-01
3.100000000000000000e+02,3.186300000000000000e+04,2.500000000000000000e+02,8.527273677981584976e-01
3.110000000000000000e+02,3.187400000000000000e+04,1.100000000000000000e+01,8.526804689654117198e-01
3.120000000000000000e+02,3.205400000000000000e+04,1.800000000000000000e+02,8.519133998585388667e-01
3.130000000000000000e+02,3.209400000000000000e+04,4.000000000000000000e+01,8.517430337898250770e-01
3.140000000000000000e+02,3.234400000000000000e+04,2.500000000000000000e+02,8.506790174862719489e-01
3.150000000000000000e+02,3.243000000000000000e+04,8.600000000000000000e+01,8.503133032286644966e-01
3.160000000000000000e+02,3.251600000000000000e+04,8.600000000000000000e+01,8.499477461947751999e-01
3.170000000000000000e+02,3.253200000000000000e+04,1.600000000000000000e+01,8.498797529248627303e-01
3.180000000000000000e+02,3.255500000000000000e+04,2.300000000000000000e+01,8.497820221285772302e-01
3.190000000000000000e+02,3.267800000000000000e+04,1.230000000000000000e+02,8.492595655506872676e-01
3.200000000000000000e+02,3.292800000000000000e+04,2.500000000000000000e+02,8.481986516507824536e-01
3.210000000000000000e+02,3.317800000000000000e+04,2.500000000000000000e+02,8.471390630680706302e-01
3.220000000000000000e+02,3.323800000000000000e+04,6.000000000000000000e+01,8.468849588314288912e-01
3.230000000000000000e+02,3.326100000000000000e+04,2.300000000000000000e+01,8.467875724175224494e-01
3.240000000000000000e+02,3.332100000000000000e+04,6.000000000000000000e+01,8.465335736125235711e-01
3.250000000000000000e+02,3.354100000000000000e+04,2.200000000000000000e+02,8.456028963212021132e-01
3.260000000000000000e+02,3.356100000000000000e+04,2.000000000000000000e+01,8.455183400480629219e-01
3.270000000000000000e+02,3.356800000000000000e+04,7.000000000000000000e+00,8.454887473500546369e-01
3.280000000000000000e+02,3.381800000000000000e+04,2.500000000000000000e+02,8.444325440399451654e-01
3.290000000000000000e+02,3.400200000000000000e+04,1.840000000000000000e+02,8.436560214132942104e-01
3.300000000000000000e+02,3.425200000000000000e+04,2.500000000000000000e+02,8.426021075851055642e-01
3.310000000000000000e+02,3.428100000000000000e+04,2.900000000000000000e+01,8.424799388315314941e-01
3.320000000000000000e+02,3.430000000000000000e+04,1.900000000000000000e+01,8.423999068388414724e-01
3.330000000000000000e+02,3.432900000000000000e+04,2.900000000000000000e+01,8.422777674023237404e-01
3.340000000000000000e+02,3.449000000000000000e+04,1.610000000000000000e+02,8.416000049411436201e-01
3.350000000000000000e+02,3.474000000000000000e+04,2.500000000000000000e+02,8.405486595343673040e-01
3.360000000000000000e+02,3.499000000000000000e+04,2.500000000000000000e+02,8.394986274916099722e-01
3.370000000000000000e+02,3.510300000000000000e+04,1.130000000000000000e+02,8.390244435511908794e-01
3.380000000000000000e+02,3.513900000000000000e+04,3.600000000000000000e+01,8.388734323652370373e-01
3.390000000000000000e+02,3.531200000000000000e+04,1.730000000000000000e+02,8.381481187763037966e-01
3.400000000000000000e+02,3.533800000000000000e+04,2.600000000000000000e+01,8.380391663305432060e-01
3.410000000000000000e+02,3.537300000000000000e+04,3.500000000000000000e+01,8.378925219415813697e-01
3.420000000000000000e+02,3.548900000000000000e+04,1.160000000000000000e+02,8.374066839708876886e-01
3.430000000000000000e+02,3.572100000000000000e+04,2.320000000000000000e+02,8.364358529812317977e-01
3.440000000000000000e+02,3.575800000000000000e+04,3.700000000000000000e+01,8.362811262742736451e-01
3.450000000000000000e+02,3.578700000000000000e+04,2.900000000000000000e+01,8.361598739988350681e-01
3.460000000000000000e+02,3.601100000000000000e+04,2.240000000000000000e+02,8.352238968450524936e-01
3.470000000000000000e+02,3.601700000000000000e+04,6.000000000000000000e+00,8.351988404413538403e-01
3.480000000000000000e+02,3.606100000000000000e+04,4.400000000000000000e+01,8.350151164475253518e-01
3.490000000000000000e+02,3.616700000000000000e+04,1.060000000000000000e+02,8.345726745871495655e-01
3.500000000000000000e+02,3.617100000000000000e+04,4.000000000000000000e+00,8.345559832588431703e-01
3.510000000000000000e+02,3.642100000000000000e+04,2.500000000000000000e+02,8.335134374003070334e-01
3.520000000000000000e+02,3.644100000000000000e+04,2.000000000000000000e+01,8.334300900156362824e-01
3.530000000000000000e+02,3.657100000000000000e+04,1.300000000000000000e+02,8.328885351276404947e-01
3.540000000000000000e+02,3.670500000000000000e+04,1.340000000000000000e+02,8.323306853150307383e-01
3.550000000000000000e+02,3.695500000000000000e+04,2.500000000000000000e+02,8.312909193480785275e-01
3.560000000000000000e+02,3.719700000000000000e+04,2.420000000000000000e+02,8.302856631251833708e-01
3.570000000000000000e+02,3.733500000000000000e+04,1.380000000000000000e+02,8.297129621904141272e-01
3.580000000000000000e+02,3.758500000000000000e+04,2.500000000000000000e+02,8.286764663412942156e-01
3.590000000000000000e+02,3.761300000000000000e+04,2.800000000000000000e+01,8.285604594666590161e-01
3.600000000000000000e+02,3.763900000000000000e+04,2.600000000000000000e+01,8.284527533387122666e-01
3.610000000000000000e+02,3.766700000000000000e+04,2.800000000000000000e+01,8.283367777817830513e-01
3.620000000000000000e+02,3.782000000000000000e+04,1.530000000000000000e+02,8.277033408836875772e-01
3.630000000000000000e+02,3.794600000000000000e+04,1.260000000000000000e+02,8.271820506993499134e-01
3.640000000000000000e+02,3.819600000000000000e+04,2.500000000000000000e+02,8.261487165210426031e-01
3.650000000000000000e+02,3.825000000000000000e+04,5.400000000000000000e+01,8.259256859204897605e-01
3.660000000000000000e+02,3.825100000000000000e+04,1.000000000000000000e+00,8.259215562920600995e-01
3.670000000000000000e+02,3.850100000000000000e+04,2.500000000000000000e+02,8.248897967513442175e-01
3.680000000000000000e+02,3.855700000000000000e+04,5.600000000000000000e+01,8.246588593636514641e-01
3.690000000000000000e+02,3.855900000000000000e+04,2.000000000000000000e+00,8.246506127956741983e-01
3.700000000000000000e+02,3.860600000000000000e+04,4.700000000000000000e+01,8.244568421861770968e-01
3.710000000000000000e+02,3.873300000000000000e+04,1.270000000000000000e+02,8.239334769690137561e-01
3.720000000000000000e+02,3.882900000000000000e+04,9.600000000000000000e+01,8.235380828137687237e-01
3.730000000000000000e+02,3.893900000000000000e+04,1.100000000000000000e+02,8.230852602737745993e-01
3.740000000000000000e+02,3.897900000000000000e+04,4.000000000000000000e+01,8.229206592708648849e-01
3.750000000000000000e+02,3.903600000000000000e+04,5.700000000000000000e+01,8.226861597144956573e-01
3.760000000000000000e+02,3.904500000000000000e+04,9.000000000000000000e+00,8.226491395777170146e-01
3.770000000000000000e+02,3.907900000000000000e+04,3.400000000000000000e+01,8.225093007610267959e-01
3.780000000000000000e+02,3.915100000000000000e+04,7.200000000000000000e+01,8.222132499649635884e-01
3.790000000000000000e+02,3.917600000000000000e+04,2.500000000000000000e+01,8.221104794750800915e-01
3.800000000000000000e+02,3.942600000000000000e+04,2.500000000000000000e+02,8.210834808161162623e-01
3.810000000000000000e+02,3.948100000000000000e+04,5.500000000000000000e+01,8.208577133389222125e-01
3.820000000000000000e+02,3.949200000000000000e+04,1.100000000000000000e+01,8.208125672933507255e-01
3.830000000000000000e+02,3.951200000000000000e+04,2.000000000000000000e+01,8.207304899353633498e-01
3.840000000000000000e+02,3.952200000000000000e+04,1.000000000000000000e+01,8.206894543341757275e-01
3.850000000000000000e+02,3.967400000000000000e+04,1.520000000000000000e+02,8.200659657458291285e-01
3.860000000000000000e+02,3.969500000000000000e+04,2.100000000000000000e+01,8.199798631246352221e-01
3.870000000000000000e+02,3.974200000000000000e+04,4.700000000000000000e+01,8.197871900150935920e-01
3.880000000000000000e+02,3.996000000000000000e+04,2.180000000000000000e+02,8.188941065641641703e-01
3.890000000000000000e+02,4.003800000000000000e+04,7.800000000000000000e+01,8.185747993332912475e-01
3.900000000000000000e+02,4.028100000000000000e+04,2.430000000000000000e+02,8.175808324243489800e-01
3.910000000000000000e+02,4.035800000000000000e+04,7.700000000000000000e+01,8.172661236024261200e-01
3.920000000000000000e+02,4.060800000000000000e+04,2.500000000000000000e+02,8.162451766203473458e-01
3.930000000000000000e+02,4.075800000000000000e+04,1.500000000000000000e+02,8.156332207201347773e-01
3.940000000000000000e+02,4.100800000000000000e+04,2.500000000000000000e+02,8.146143135965809856e-01
3.950000000000000000e+02,4.103300000000000000e+04,2.500000000000000000e+01,8.145124929167538719e-01
3.960000000000000000e+02,4.103400000000000000e+04,1.000000000000000000e+00,8.145084203542892753e-01
3.970000000000000000e+02,4.118900000000000000e+04,1.550000000000000000e+02,8.138774192955001707e-01
3.980000000000000000e+02,4.127400000000000000e+04,8.500000000000000000e+01,8.135315940208094343e-01
3.990000000000000000e+02,4.143100000000000000e+04,1.570000000000000000e+02,8.128932207178679592e-01
4.000000000000000000e+02,4.146700000000000000e+04,3.600000000000000000e+01,8.127469127404804983e-01
4.010000000000000000e+02,4.148300000000000000e+04,1.600000000000000000e+01,8.126818954256445071e-01
4.020000000000000000e+02,4.148900000000000000e+04,6.000000000000000000e+00,8.126575152735352470e-01
4.030000000000000000e+02,4.156900000000000000e+04,8.000000000000000000e+01,8.123325164590226022e-01
4.040000000000000000e+02,4.158600000000000000e+04,1.700000000000000000e+01,8.122634709569847011e-01
4.050000000000000000e+02,4.175700000000000000e+04,1.710000000000000000e+02,8.115692807624321770e-01
4.060000000000000000e+02,4.177900000000000000e+04,2.200000000000000000e+01,8.114800128282040337e-01
4.070000000000000000e+02,4.189200000000000000e+04,1.130000000000000000e+02,8.110216549733443303e-01
4.080000000000000000e+02,4.194000000000000000e+04,4.800000000000000000e+01,8.108270326452070575e-01
4.090000000000000000e+02,4.200700000000000000e+04,6.700000000000000000e+01,8.105554504028782414e-01
4.100000000000000000e+02,4.225700000000000000e+04,2.500000000000000000e+02,8.095428865427125587e-01
4.110000000000000000e+02,4.230000000000000000e+04,4.300000000000000000e+01,8.093688530962869221e-01
4.120000000000000000e+02,4.255000000000000000e+04,2.500000000000000000e+02,8.083577715598160296e-01
4.130000000000000000e+02,4.280000000000000000e+04,2.500000000000000000e+02,8.073479530888425515e-01
4.140000000000000000e+02,4.292300000000000000e+04,1.230000000000000000e+02,8.068515855054463337e-01
4.150000000000000000e+02,4.295000000000000000e+04,2.700000000000000000e+01,8.067426676212300363e-01
4.160000000000000000e+02,4.309600000000000000e+04,1.460000000000000000e+02,8.061539589069131040e-01
4.170000000000000000e+02,4.323300000000000000e+04,1.370000000000000000e+02,8.056019311560779217e-01
4.180000000000000000e+02,4.329000000000000000e+04,5.700000000000000000e+01,8.053723667462675539e-01
4.190000000000000000e+02,4.339400000000000000e+04,1.040000000000000000e+02,8.049536809365869239e-01
4.200000000000000000e+02,4.364400000000000000e+04,2.500000000000000000e+02,8.039481149311786812e-01
4.210000000000000000e+02,4.366900000000000000e+04,2.500000000000000000e+01,8.038476274461913151e-01
4.220000000000000000e+02,4.378600000000000000e+04,1.170000000000000000e+02,8.033775129307476615e-01
4.230000000000000000e+02,4.389000000000000000e+04,1.040000000000000000e+02,8.029598641779848167e-01
4.240000000000000000e+02,4.399600000000000000e+04,1.060000000000000000e+02,8.025344071423982095e-01
4.250000000000000000e+02,4.424600000000000000e+04,2.500000000000000000e+02,8.015318633475143617e-01
4.260000000000000000e+02,4.449600000000000000e+04,2.500000000000000000e+02,8.005305719525912522e-01
4.270000000000000000e+02,4.468100000000000000e+04,1.850000000000000000e+02,7.997904216954212497e-01
4.280000000000000000e+02,4.493100000000000000e+04,2.500000000000000000e+02,7.987913057480644508e-01
4.290000000000000000e+02,4.499500000000000000e+04,6.400000000000000000e+01,7.985357327851453357e-01
4.300000000000000000e+02,4.507500000000000000e+04,8.000000000000000000e+01,7.982163815681522223e-01
4.310000000000000000e+02,4.507800000000000000e+04,3.000000000000000000e+00,7.982044083822947833e-01
4.320000000000000000e+02,4.508400000000000000e+04,6.000000000000000000e+00,7.981804625493676975e-01
4.330000000000000000e+02,4.509400000000000000e+04,1.000000000000000000e+01,7.981405544241811922e-01
4.340000000000000000e+02,4.511200000000000000e+04,1.800000000000000000e+01,7.980687248270886824e-01
4.350000000000000000e+02,4.514000000000000000e+04,2.800000000000000000e+01,7.979570027470349602e-01
4.360000000000000000e+02,4.530000000000000000e+04,1.600000000000000000e+02,7.973188908283515008e-01
4.370000000000000000e+02,4.531900000000000000e+04,1.900000000000000000e+01,7.972431489421640816e-01
4.380000000000000000e+02,4.548500000000000000e+04,1.660000000000000000e+02,7.965817100100678338e-01
4.390000000000000000e+02,4.567400000000000000e+04,1.890000000000000000e+02,7.958292939856271841e-01
4.400000000000000000e+02,4.573000000000000000e+04,5.600000000000000000e+01,7.956064924199799382e-01
4.410000000000000000e+02,4.576500000000000000e+04,3.500000000000000000e+01,7.954672731178010769e-01
4.420000000000000000e+02,4.584400000000000000e+04,7.900000000000000000e+01,7.951531248079222181e-01
4.430000000000000000e+02,4.596400000000000000e+04,1.200000000000000000e+02,7.946761748399573388e-01
4.440000000000000000e+02,4.599200000000000000e+04,2.800000000000000000e+01,7.945649276848431031e-01
4.450000000000000000e+02,4.602300000000000000e+04,3.100000000000000000e+01,7.944417793574219955e-01
4.460000000000000000e+02,4.603300000000000000e+04,1.000000000000000000e+01,7.944020581621888955e-01
4.470000000000000000e+02,4.605900000000000000e+04,2.600000000000000000e+01,7.942987923488856739e-01
4.480000000000000000e+02,4.630900000000000000e+04,2.500000000000000000e+02,7.933065366668041740e-01
4.490000000000000000e+02,4.631700000000000000e+04,8.000000000000000000e+00,7.932748049606462848e-01
4.500000000000000000e+02,4.656700000000000000e+04,2.500000000000000000e+02,7.922838284663383801e-01
4.510000000000000000e+02,4.681700000000000000e+04,2.500000000000000000e+02,7.912940899218627866e-01
4.520000000000000000e+02,4.706700000000000000e+04,2.500000000000000000e+02,7.903055877807453333e-01
4.530000000000000000e+02,4.731700000000000000e+04,2.500000000000000000e+02,7.893183204984440815e-01
4.540000000000000000e+02,4.741800000000000000e+04,1.010000000000000000e+02,7.889198143815875364e-01
4.550000000000000000e+02,4.742200000000000000e+04,4.000000000000000000e+00,7.889040361036373517e-01
4.560000000000000000e+02,4.743500000000000000e+04,1.300000000000000000e+01,7.888527588796250267e-01
4.570000000000000000e+02,4.749300000000000000e+04,5.800000000000000000e+01,7.886240241758459835e-01
4.580000000000000000e+02,4.753000000000000000e+04,3.700000000000000000e+01,7.884781418611966908e-01
4.590000000000000000e+02,4.759300000000000000e+04,6.300000000000000000e+01,7.882298097400404213e-01
4.600000000000000000e+02,4.768500000000000000e+04,9.200000000000000000e+01,7.878673065034351719e-01
4.610000000000000000e+02,4.793500000000000000e+04,2.500000000000000000e+02,7.868830851762271816e-01
4.620000000000000000e+02,4.795300000000000000e+04,1.800000000000000000e+01,7.868122687083086708e-01
4.630000000000000000e+02,4.796600000000000000e+04,1.300000000000000000e+01,7.867611274450979630e-01
4.640000000000000000e+02,4.798300000000000000e+04,1.700000000000000000e+01,7.866942554241859176e-01
4.650000000000000000e+02,4.805100000000000000e+04,6.800000000000000000e+01,7.864268241746504851e-01
4.660000000000000000e+02,4.823300000000000000e+04,1.820000000000000000e+02,7.857114994984251144e-01
4.670000000000000000e+02,4.826600000000000000e+04,3.300000000000000000e+01,7.855818674718629824e-01
4.680000000000000000e+02,4.832600000000000000e+04,6.000000000000000000e+01,7.853462276702575240e-01
4.690000000000000000e+02,4.833200000000000000e+04,6.000000000000000000e+00,7.853226675779301225e-01
4.700000000000000000e+02,4.852000000000000000e+04,1.880000000000000000e+02,7.845848092734886148e-01
4.710000000000000000e+02,4.855300000000000000e+04,3.300000000000000000e+01,7.844553631359419965e-01
4.720000000000000000e+02,4.857600000000000000e+04,2.300000000000000000e+01,7.843651557306873245e-01
4.730000000000000000e+02,4.866200000000000000e+04,8.600000000000000000e+01,7.840279503750545720e-01
4.740000000000000000e+02,4.884000000000000000e+04,1.780000000000000000e+02,7.833304741784711256e-01
4.750000000000000000e+02,4.909000000000000000e+04,2.500000000000000000e+02,7.823519203629064611e-01
4.760000000000000000e+02,4.927800000000000000e+04,1.880000000000000000e+02,7.816168532557572490e-01
4.770000000000000000e+02,4.945100000000000000e+04,1.730000000000000000e+02,7.809410453172369593e-01
4.780000000000000000e+02,4.970100000000000000e+04,2.500000000000000000e+02,7.799654764292426323e-01
4.790000000000000000e+02,4.975800000000000000e+04,5.700000000000000000e+01,7.797432173862288707e-01
4.800000000000000000e+02,4.977900000000000000e+04,2.100000000000000000e+01,7.796613484419250284e-01
4.810000000000000000e+02,4.996300000000000000e+04,1.840000000000000000e+02,7.789443880612955118e-01
4.820000000000000000e+02,5.017600000000000000e+04,2.130000000000000000e+02,7.781152518085865388e-01
4.830000000000000000e+02,5.041200000000000000e+04,2.360000000000000000e+02,7.771976150295292207e-01
4.840000000000000000e+02,5.043600000000000000e+04,2.400000000000000000e+01,7.771043566781919987e-01
4.850000000000000000e+02,5.050300000000000000e+04,6.700000000000000000e+01,7.768440696684932867e-01
4.860000000000000000e+02,5.073400000000000000e+04,2.310000000000000000e+02,7.759473304927337889e-01
4.870000000000000000e+02,5.097800000000000000e+04,2.440000000000000000e+02,7.750012496110055826e-01
4.880000000000000000e+02,5.122800000000000000e+04,2.500000000000000000e+02,7.740331008476506458e-01
4.890000000000000000e+02,5.143400000000000000e+04,2.060000000000000000e+02,7.732362552076096351e-01
4.900000000000000000e+02,5.157000000000000000e+04,1.360000000000000000e+02,7.727106319721602778e-01
4.910000000000000000e+02,5.157100000000000000e+04,1.000000000000000000e+00,7.727067684190004337e-01
4.920000000000000000e+02,5.182100000000000000e+04,2.500000000000000000e+02,7.717414859724806009e-01
4.930000000000000000e+02,5.207100000000000000e+04,2.500000000000000000e+02,7.707774093782174818e-01
4.940000000000000000e+02,5.209100000000000000e+04,2.000000000000000000e+01,7.707003352983621269e-01
4.950000000000000000e+02,5.231400000000000000e+04,2.230000000000000000e+02,7.698414811775127209e-01
4.960000000000000000e+02,5.238800000000000000e+04,7.400000000000000000e+01,7.695566918067835438e-01
4.970000000000000000e+02,5.248600000000000000e+04,9.800000000000000000e+01,7.691797004557402451e-01
4.980000000000000000e+02,5.253700000000000000e+04,5.100000000000000000e+01,7.689835841477236089e-01
4.990000000000000000e+02,5.265200000000000000e+04,1.150000000000000000e+02,7.685415445802906698e-01
5.000000000000000000e+02,5.267600000000000000e+04,2.400000000000000000e+01,7.684493248976829172e-01
5.010000000000000000e+02,5.272800000000000000e+04,5.200000000000000000e+01,7.682495535451809854e-01
5.020000000000000000e+02,5.273300000000000000e+04,5.000000000000000000e+00,7.682303474984036873e-01
5.030000000000000000e+02,5.278900000000000000e+04,5.600000000000000000e+01,7.680152725753093268e-01
5.040000000000000000e+02,5.299600000000000000e+04,2.070000000000000000e+02,7.672207859996962309e-01
5.050000000000000000e+02,5.302100000000000000e+04,2.500000000000000000e+01,7.671248891553809068e-01
5.060000000000000000e+02,5.327100000000000000e+04,2.500000000000000000e+02,7.661665797163338398e-01
5.070000000000000000e+02,5.333300000000000000e+04,6.200000000000000000e+01,7.659291042935235660e-01
5.080000000000000000e+02,5.335500000000000000e+04,2.200000000000000000e+01,7.658448565151438903e-01
5.090000000000000000e+02,5.338900000000000000e+04,3.400000000000000000e+01,7.657146736299367262e-01
5.100000000000000000e+02,5.339800000000000000e+04,9.000000000000000000e+00,7.656802171587583361e-01
5.110000000000000000e+02,5.344600000000000000e+04,4.800000000000000000e+01,7.654964754971662622e-01
5.120000000000000000e+02,5.351300000000000000e+04,6.700000000000000000e+01,7.652400764861077009e-01
5.130000000000000000e+02,5.367700000000000000e+04,1.640000000000000000e+02,7.646128352593298816e-01
5.140000000000000000e+02,5.381100000000000000e+04,1.340000000000000000e+02,7.641007149588596725e-01
5.150000000000000000e+02,5.392100000000000000e+04,1.100000000000000000e+02,7.636805740646134266e-01
5.160000000000000000e+02,5.404900000000000000e+04,1.280000000000000000e+02,7.631919736445188507e-01
5.170000000000000000e+02,5.421600000000000000e+04,1.670000000000000000e+02,7.625549727389069332e-01
5.180000000000000000e+02,5.424200000000000000e+04,2.600000000000000000e+01,7.624558467879615220e-01
5.190000000000000000e+02,5.426500000000000000e+04,2.300000000000000000e+01,7.623681691879446998e-01
5.200000000000000000e+02,5.430400000000000000e+04,3.900000000000000000e+01,7.622195215169514926e-01
5.210000000000000000e+02,5.435900000000000000e+04,5.500000000000000000e+01,7.620099394434330931e-01
5.220000000000000000e+02,5.439500000000000000e+04,3.600000000000000000e+01,7.618727896553088019e-01
5.230000000000000000e+02,5.441700000000000000e+04,2.200000000000000000e+01,7.617889880481149012e-01
5.240000000000000000e+02,5.463200000000000000e+04,2.150000000000000000e+02,7.609705028543566341e-01
5.250000000000000000e+02,5.488200000000000000e+04,2.500000000000000000e+02,7.600198816112830880e-01
5.260000000000000000e+02,5.497300000000000000e+04,9.100000000000000000e+01,7.596741503606426749e-01
5.270000000000000000e+02,5.506900000000000000e+04,9.600000000000000000e+01,7.593095933577543866e-01
5.280000000000000000e+02,5.514200000000000000e+04,7.300000000000000000e+01,7.590324952369146283e-01
5.290000000000000000e+02,5.515000000000000000e+04,8.000000000000000000e+00,7.590021344684224625e-01
5.300000000000000000e+02,5.522800000000000000e+04,7.800000000000000000e+01,7.587061806108463813e-01
5.310000000000000000e+02,5.536800000000000000e+04,1.400000000000000000e+02,7.581752707972531091e-01
5.320000000000000000e+02,5.539900000000000000e+04,3.100000000000000000e+01,7.580577624436403150e-01
5.330000000000000000e+02,5.547200000000000000e+04,7.300000000000000000e+01,7.577811211588487694e-01
5.340000000000000000e+02,5.551500000000000000e+04,4.300000000000000000e+01,7.576182153235383465e-01
5.350000000000000000e+02,5.560400000000000000e+04,8.900000000000000000e+01,7.572811493777866776e-01
5.360000000000000000e+02,5.576500000000000000e+04,1.610000000000000000e+02,7.566717818324576461e-01
5.370000000000000000e+02,5.576700000000000000e+04,2.000000000000000000e+00,7.566642151335560840e-01
5.380000000000000000e+02,5.580800000000000000e+04,4.100000000000000000e+01,7.565091144800610845e-01
5.390000000000000000e+02,5.593400000000000000e+04,1.260000000000000000e+02,7.560326626448921061e-01
5.400000000000000000e+02,5.593900000000000000e+04,5.000000000000000000e+00,7.560137620173331685e-01
5.410000000000000000e+02,5.602700000000000000e+04,8.800000000000000000e+01,7.556811883021909981e-01
5.420000000000000000e+02,5.603700000000000000e+04,1.000000000000000000e+01,7.556434050929056179e-01
5.430000000000000000e+02,5.620100000000000000e+04,1.640000000000000000e+02,7.550240299308090819e-01
5.440000000000000000e+02,5.635700000000000000e+04,1.560000000000000000e+02,7.544353393349102488e-01
5.450000000000000000e+02,5.639300000000000000e+04,3.600000000000000000e+01,7.542995528555124229e-01
5.460000000000000000e+02,5.645200000000000000e+04,5.900000000000000000e+01,7.540770667495168000e-01
5.470000000000000000e+02,5.652500000000000000e+04,7.300000000000000000e+01,7.538018781571532712e-01
5.480000000000000000e+02,5.672800000000000000e+04,2.030000000000000000e+02,7.530371555014124807e-01
5.490000000000000000e+02,5.675500000000000000e+04,2.700000000000000000e+01,7.529355020930448283e-01
5.500000000000000000e+02,5.700500000000000000e+04,2.500000000000000000e+02,7.519949183512714130e-01
5.510000000000000000e+02,5.702800000000000000e+04,2.300000000000000000e+01,7.519084436918620495e-01
5.520000000000000000e+02,5.703900000000000000e+04,1.100000000000000000e+01,7.518670897613174420e-01
5.530000000000000000e+02,5.714200000000000000e+04,1.030000000000000000e+02,7.514799769324141954e-01
5.540000000000000000e+02,5.723300000000000000e+04,9.100000000000000000e+01,7.511381304642603673e-01
5.550000000000000000e+02,5.729300000000000000e+04,6.000000000000000000e+01,7.509128222597689639e-01
5.560000000000000000e+02,5.738500000000000000e+04,9.200000000000000000e+01,7.505674809327678165e-01
5.570000000000000000e+02,5.742000000000000000e+04,3.500000000000000000e+01,7.504361427876808932e-01
5.580000000000000000e+02,5.758300000000000000e+04,1.630000000000000000e+02,7.498247849650614416e-01
5.590000000000000000e+02,5.765300000000000000e+04,7.000000000000000000e+01,7.495623915558630168e-01
5.600000000000000000e+02,5.782500000000000000e+04,1.720000000000000000e+02,7.489180433976706519e-01
5.610000000000000000e+02,5.792700000000000000e+04,1.020000000000000000e+02,7.485361916213848499e-01
5.620000000000000000e+02,5.794000000000000000e+04,1.300000000000000000e+01,7.484875382285481882e-01
5.630000000000000000e+02,5.796900000000000000e+04,2.900000000000000000e+01,7.483790151323110873e-01
5.640000000000000000e+02,5.814100000000000000e+04,1.720000000000000000e+02,7.477356842428981576e-01
5.650000000000000000e+02,5.815500000000000000e+04,1.400000000000000000e+01,7.476833444460655453e-01
5.660000000000000000e+02,5.832700000000000000e+04,1.720000000000000000e+02,7.470406115777522560e-01
5.670000000000000000e+02,5.840100000000000000e+04,7.400000000000000000e+01,7.467642569893310212e-01
5.680000000000000000e+02,5.865100000000000000e+04,2.500000000000000000e+02,7.458313825039220024e-01
5.690000000000000000e+02,5.885100000000000000e+04,2.000000000000000000e+02,7.450859220501092617e-01
5.700000000000000000e+02,5.885900000000000000e+04,8.000000000000000000e+00,7.450561191347820911e-01
5.710000000000000000e+02,5.901600000000000000e+04,1.570000000000000000e+02,7.444714781212740107e-01
5.720000000000000000e+02,5.910600000000000000e+04,9.000000000000000000e+01,7.441365404853926835e-01
5.730000000000000000e+02,5.928600000000000000e+04,1.800000000000000000e+02,7.434671172110505211e-01
5.740000000000000000e+02,5.953600000000000000e+04,2.500000000000000000e+02,7.425383615858380804e-01
5.750000000000000000e+02,5.953700000000000000e+04,1.000000000000000000e+00,7.425346488940300915e-01
5.760000000000000000e+02,5.962600000000000000e+04,8.900000000000000000e+01,7.422042936588728601e-01
5.770000000000000000e+02,5.983700000000000000e+04,2.110000000000000000e+02,7.414216790743021201e-01
5.780000000000000000e+02,5.991100000000000000e+04,7.400000000000000000e+01,7.411474031115344863e-01
5.790000000000000000e+02,5.995400000000000000e+04,4.300000000000000000e+01,7.409880731501237161e-01
5.800000000000000000e+02,5.997000000000000000e+04,1.600000000000000000e+01,7.409287963271837807e-01
5.810000000000000000e+02,5.998400000000000000e+04,1.400000000000000000e+01,7.408769329970199546e-01
5.820000000000000000e+02,6.018500000000000000e+04,2.010000000000000000e+02,7.401327238465653657e-01
5.830000000000000000e+02,6.022800000000000000e+04,4.300000000000000000e+01,7.399736120182919263e-01
5.840000000000000000e+02,6.028800000000000000e+04,6.000000000000000000e+01,7.397516526753513677e-01
5.850000000000000000e+02,6.049700000000000000e+04,2.090000000000000000e+02,7.389790140407014318e-01
5.860000000000000000e+02,6.074700000000000000e+04,2.500000000000000000e+02,7.380558650535889997e-01
5.870000000000000000e+02,6.077400000000000000e+04,2.700000000000000000e+01,7.379562339879761623e-01
5.880000000000000000e+02,6.102400000000000000e+04,2.500000000000000000e+02,7.370343626804082282e-01
5.890000000000000000e+02,6.104600000000000000e+04,2.200000000000000000e+01,7.369532931567441825e-01
5.900000000000000000e+02,6.105700000000000000e+04,1.100000000000000000e+01,7.369127617389159557e-01
5.910000000000000000e+02,6.115900000000000000e+04,1.020000000000000000e+02,7.365370311105532419e-01
5.920000000000000000e+02,6.116600000000000000e+04,7.000000000000000000e+00,7.365112527011429266e-01
5.930000000000000000e+02,6.122700000000000000e+04,6.100000000000000000e+01,7.362866504611438323e-01
5.940000000000000000e+02,6.140300000000000000e+04,1.760000000000000000e+02,7.356390015969060947e-01
5.950000000000000000e+02,6.148100000000000000e+04,7.800000000000000000e+01,7.353521576073844823e-01
5.960000000000000000e+02,6.153900000000000000e+04,5.800000000000000000e+01,7.351389358672686392e-01
5.970000000000000000e+02,6.166900000000000000e+04,1.300000000000000000e+02,7.346612496295816808e-01
5.980000000000000000e+02,6.170800000000000000e+04,3.900000000000000000e+01,7.345180042946636290e-01
5.990000000000000000e+02,6.171900000000000000e+04,1.100000000000000000e+01,7.344776068143740178e-01
6.000000000000000000e+02,6.196900000000000000e+04,2.500000000000000000e+02,7.335600810850844145e-01
6.010000000000000000e+02,6.204600000000000000e+04,7.700000000000000000e+01,7.332777141070782045e-01
6.020000000000000000e+02,6.212500000000000000e+04,7.900000000000000000e+01,7.329881258834720636e-01
6.030000000000000000e+02,6.237500000000000000e+04,2.500000000000000000e+02,7.320724608468232031e-01
6.040000000000000000e+02,6.246800000000000000e+04,9.300000000000000000e+01,7.317321254358030158e-01
6.050000000000000000e+02,6.261000000000000000e+04,1.420000000000000000e+02,7.312127787182745031e-01
6.060000000000000000e+02,6.267400000000000000e+04,6.400000000000000000e+01,7.309788274783992623e-01
6.070000000000000000e+02,6.267800000000000000e+04,4.000000000000000000e+00,7.309642080114959750e-01
6.080000000000000000e+02,6.282800000000000000e+04,1.500000000000000000e+02,7.304161890182461203e-01
6.090000000000000000e+02,6.301700000000000000e+04,1.890000000000000000e+02,7.297262700328835949e-01
6.100000000000000000e+02,6.302300000000000000e+04,6.000000000000000000e+00,7.297043785184280651e-01
6.110000000000000000e+02,6.327300000000000000e+04,2.500000000000000000e+02,7.287928156118741452e-01
6.120000000000000000e+02,6.333100000000000000e+04,5.800000000000000000e+01,7.285814958098979499e-01
6.130000000000000000e+02,6.335300000000000000e+04,2.200000000000000000e+01,7.285013560527761056e-01
6.140000000000000000e+02,6.360100000000000000e+04,2.480000000000000000e+02,7.275985719561194331e-01
6.150000000000000000e+02,6.365600000000000000e+04,5.500000000000000000e+01,7.273985093585412232e-01
6.160000000000000000e+02,6.390600000000000000e+04,2.500000000000000000e+02,7.264898269949249254e-01
6.170000000000000000e+02,6.412600000000000000e+04,2.200000000000000000e+02,7.256911255547984219e-01
6.180000000000000000e+02,6.418700000000000000e+04,6.100000000000000000e+01,7.254698229586070690e-01
6.190000000000000000e+02,6.430200000000000000e+04,1.150000000000000000e+02,7.250527966743834929e-01
6.200000000000000000e+02,6.455200000000000000e+04,2.500000000000000000e+02,7.241470446271190964e-01
6.210000000000000000e+02,6.468500000000000000e+04,1.330000000000000000e+02,7.236656457218172411e-01
6.220000000000000000e+02,6.480600000000000000e+04,1.210000000000000000e+02,7.232279593254209438e-01
6.230000000000000000e+02,6.490000000000000000e+04,9.400000000000000000e+01,7.228881212031543768e-01
6.240000000000000000e+02,6.507600000000000000e+04,1.760000000000000000e+02,7.222522578877249577e-01
6.250000000000000000e+02,6.528800000000000000e+04,2.120000000000000000e+02,7.214870742003993698e-01
6.260000000000000000e+02,6.530900000000000000e+04,2.100000000000000000e+01,7.214113218452948839e-01
6.270000000000000000e+02,6.531000000000000000e+04,1.000000000000000000e+00,7.214077147886855945e-01
6.280000000000000000e+02,6.545000000000000000e+04,1.400000000000000000e+02,7.209029048304028686e-01
6.290000000000000000e+02,6.549600000000000000e+04,4.600000000000000000e+01,7.207371158142856782e-01
6.300000000000000000e+02,6.574600000000000000e+04,2.500000000000000000e+02,7.198367550113446978e-01
6.310000000000000000e+02,6.576700000000000000e+04,2.100000000000000000e+01,7.197611759310910129e-01
6.320000000000000000e+02,6.576900000000000000e+04,2.000000000000000000e+00,7.197539783373256839e-01
6.330000000000000000e+02,6.578400000000000000e+04,1.500000000000000000e+01,7.196999986782632863e-01
6.340000000000000000e+02,6.590600000000000000e+04,1.220000000000000000e+02,7.192611144551523950e-01
6.350000000000000000e+02,6.607600000000000000e+04,1.700000000000000000e+02,7.186500007401994683e-01
6.360000000000000000e+02,6.607900000000000000e+04,3.000000000000000000e+00,7.186392210440869510e-01
6.370000000000000000e+02,6.611700000000000000e+04,3.800000000000000000e+01,7.185026922214141631e-01
6.380000000000000000e+02,6.627700000000000000e+04,1.600000000000000000e+02,7.179281184913335334e-01
6.390000000000000000e+02,6.630100000000000000e+04,2.400000000000000000e+01,7.178419720706366025e-01
6.400000000000000000e+02,6.632500000000000000e+04,2.400000000000000000e+01,7.177558359869157245e-01
6.410000000000000000e+02,6.653100000000000000e+04,2.060000000000000000e+02,7.170169262324179726e-01
6.420000000000000000e+02,6.665300000000000000e+04,1.220000000000000000e+02,7.165796781885040989e-01
6.430000000000000000e+02,6.682800000000000000e+04,1.750000000000000000e+02,7.159529436396000479e-01
6.440000000000000000e+02,6.683700000000000000e+04,9.000000000000000000e+00,7.159207264014860739e-01
6.450000000000000000e+02,6.687100000000000000e+04,3.400000000000000000e+01,7.157990299182495075e-01
6.460000000000000000e+02,6.688300000000000000e+04,1.200000000000000000e+01,7.157560831575028315e-01
6.470000000000000000e+02,6.696100000000000000e+04,7.800000000000000000e+01,7.154769920136512251e-01
6.480000000000000000e+02,6.697700000000000000e+04,1.600000000000000000e+01,7.154197560006706480e-01
6.490000000000000000e+02,6.719000000000000000e+04,2.130000000000000000e+02,7.146582376372340173e-01
6.500000000000000000e+02,6.719400000000000000e+04,4.000000000000000000e+00,7.146439445796795020e-01
6.510000000000000000e+02,6.729500000000000000e+04,1.010000000000000000e+02,7.142831395965772989e-01
6.520000000000000000e+02,6.729700000000000000e+04,2.000000000000000000e+00,7.142759967830384360e-01
6.530000000000000000e+02,6.738700000000000000e+04,9.000000000000000000e+01,7.139546440908799418e-01
6.540000000000000000e+02,6.758700000000000000e+04,2.000000000000000000e+02,7.132410445220348505e-01
6.550000000000000000e+02,6.759200000000000000e+04,5.000000000000000000e+00,7.132232136742310269e-01
6.560000000000000000e+02,6.762300000000000000e+04,3.100000000000000000e+01,7.131126723669301004e-01
6.570000000000000000e+02,6.766400000000000000e+04,4.100000000000000000e+01,7.129664988869532927e-01
6.580000000000000000e+02,6.774000000000000000e+04,7.600000000000000000e+01,7.126956224099726400e-01
6.590000000000000000e+02,6.777800000000000000e+04,3.800000000000000000e+01,7.125602227665877031e-01
6.600000000000000000e+02,6.791100000000000000e+04,1.330000000000000000e+02,7.120865265556506341e-01
6.610000000000000000e+02,6.800100000000000000e+04,9.000000000000000000e+01,7.117661589059063321e-01
6.620000000000000000e+02,6.809800000000000000e+04,9.700000000000000000e+01,7.114210351552998635e-01
6.630000000000000000e+02,6.824300000000000000e+04,1.450000000000000000e+02,7.109054405414527711e-01
6.640000000000000000e+02,6.841100000000000000e+04,1.680000000000000000e+02,7.103085292169695197e-01
6.650000000000000000e+02,6.845700000000000000e+04,4.600000000000000000e+01,7.101451766331338122e-01
6.660000000000000000e+02,6.851900000000000000e+04,6.200000000000000000e+01,7.099250651971322768e-01
6.670000000000000000e+02,6.868600000000000000e+04,1.670000000000000000e+02,7.093325237068343059e-01
6.680000000000000000e+02,6.876400000000000000e+04,7.800000000000000000e+01,7.090559372689808626e-01
6.690000000000000000e+02,6.886700000000000000e+04,1.030000000000000000e+02,7.086908665623827819e-01
6.700000000000000000e+02,6.889200000000000000e+04,2.500000000000000000e+01,7.086022855190393654e-01
6.710000000000000000e+02,6.892800000000000000e+04,3.600000000000000000e+01,7.084747482674988994e-01
6.720000000000000000e+02,6.916400000000000000e+04,2.360000000000000000e+02,7.076392390231648344e-01
6.730000000000000000e+02,6.941400000000000000e+04,2.500000000000000000e+02,7.067552403786383497e-01
6.740000000000000000e+02,6.958000000000000000e+04,1.660000000000000000e+02,7.061688754383185218e-01
6.750000000000000000e+02,6.973300000000000000e+04,1.530000000000000000e+02,7.056288614802433967e-01
6.760000000000000000e+02,6.998300000000000000e+04,2.500000000000000000e+02,7.047473742439679389e-01
6.770000000000000000e+02,7.009200000000000000e+04,1.090000000000000000e+02,7.043633906100877917e-01
6.780000000000000000e+02,7.018000000000000000e+04,8.800000000000000000e+01,7.040535381161333595e-01
6.790000000000000000e+02,7.034700000000000000e+04,1.670000000000000000e+02,7.034658973168759211e-01
6.800000000000000000e+02,7.051800000000000000e+04,1.710000000000000000e+02,7.028646895246014603e-01
6.810000000000000000e+02,7.053900000000000000e+04,2.100000000000000000e+01,7.027908924221234477e-01
6.820000000000000000e+02,7.078900000000000000e+04,2.500000000000000000e+02,7.019129504397875197e-01
6.830000000000000000e+02,7.102300000000000000e+04,2.340000000000000000e+02,7.010921904740737842e-01
6.840000000000000000e+02,7.111400000000000000e+04,9.100000000000000000e+01,7.007732652910735327e-01
6.850000000000000000e+02,7.122200000000000000e+04,1.080000000000000000e+02,7.003949489366315673e-01
6.860000000000000000e+02,7.143800000000000000e+04,2.160000000000000000e+02,6.996389288260675965e-01
6.870000000000000000e+02,7.146800000000000000e+04,3.000000000000000000e+01,6.995339905949613524e-01
6.880000000000000000e+02,7.151200000000000000e+04,4.400000000000000000e+01,6.993801096598499800e-01
6.890000000000000000e+02,7.174900000000000000e+04,2.370000000000000000e+02,6.985518330100443096e-01
6.900000000000000000e+02,7.183200000000000000e+04,8.300000000000000000e+01,6.982619934206178991e-01
6.910000000000000000e+02,7.208200000000000000e+04,2.500000000000000000e+02,6.973897090394416409e-01
6.920000000000000000e+02,7.227400000000000000e+04,1.920000000000000000e+02,6.967205345009929163e-01
6.930000000000000000e+02,7.245900000000000000e+04,1.850000000000000000e+02,6.960763643707649218e-01
6.940000000000000000e+02,7.270900000000000000e+04,2.500000000000000000e+02,6.952068103259110288e-01
6.950000000000000000e+02,7.295900000000000000e+04,2.500000000000000000e+02,6.943383425472703374e-01
6.960000000000000000e+02,7.296300000000000000e+04,4.000000000000000000e+00,6.943244558845697023e-01
6.970000000000000000e+02,7.306000000000000000e+04,9.700000000000000000e+01,6.939877893300351319e-01
6.980000000000000000e+02,7.307500000000000000e+04,1.500000000000000000e+01,6.939357420675137389e-01
6.990000000000000000e+02,7.312000000000000000e+04,4.500000000000000000e+01,6.937796236992261889e-01
7.000000000000000000e+02,7.316100000000000000e+04,4.100000000000000000e+01,6.936374130979250374e-01
7.010000000000000000e+02,7.321700000000000000e+04,5.600000000000000000e+01,6.934432213248937771e-01
7.020000000000000000e+02,7.334200000000000000e+04,1.250000000000000000e+02,6.930099536386484793e-01
7.030000000000000000e+02,7.335800000000000000e+04,1.600000000000000000e+01,6.929545149213384159e-01
7.040000000000000000e+02,7.336200000000000000e+04,4.000000000000000000e+00,6.929406559349826633e-01
7.050000000000000000e+02,7.336800000000000000e+04,6.000000000000000000e+00,6.929198679751554790e-01
7.060000000000000000e+02,7.348900000000000000e+04,1.210000000000000000e+02,6.925007771950441038e-01
7.070000000000000000e+02,7.349800000000000000e+04,9.000000000000000000e+00,6.924696152833135221e-01
7.080000000000000000e+02,7.366700000000000000e+04,1.690000000000000000e+02,6.918847241474735954e-01
7.090000000000000000e+02,7.391700000000000000e+04,2.500000000000000000e+02,6.910204063926261853e-01
7.100000000000000000e+02,7.416700000000000000e+04,2.500000000000000000e+02,6.901571683627019116e-01
7.110000000000000000e+02,7.422200000000000000e+04,5.500000000000000000e+01,6.899674007612226490e-01
7.120000000000000000e+02,7.441900000000000000e+04,1.970000000000000000e+02,6.892881157760316624e-01
7.130000000000000000e+02,7.456600000000000000e+04,1.470000000000000000e+02,6.887816738850217613e-01
7.140000000000000000e+02,7.459300000000000000e+04,2.700000000000000000e+01,6.886886944028542956e-01
7.150000000000000000e+02,7.484300000000000000e+04,2.500000000000000000e+02,6.878283691993042348e-01
7.160000000000000000e+02,7.494100000000000000e+04,9.800000000000000000e+01,6.874914150165249982e-01
7.170000000000000000e+02,7.496100000000000000e+04,2.000000000000000000e+01,6.874226691405090905e-01
7.180000000000000000e+02,7.498400000000000000e+04,2.300000000000000000e+01,6.873436198813533959e-01
7.190000000000000000e+02,7.500400000000000000e+04,2.000000000000000000e+01,6.872748887841489962e-01
7.200000000000000000e+02,7.511300000000000000e+04,1.090000000000000000e+02,6.869004250842261072e-01
7.210000000000000000e+02,7.512900000000000000e+04,1.600000000000000000e+01,6.868454751108722389e-01
7.220000000000000000e+02,7.516500000000000000e+04,3.600000000000000000e+01,6.867218537425548996e-01
7.230000000000000000e+02,7.517300000000000000e+04,8.000000000000000000e+00,6.866943853491055405e-01
7.240000000000000000e+02,7.520400000000000000e+04,3.100000000000000000e+01,6.865879557018125245e-01
7.250000000000000000e+02,7.538200000000000000e+04,1.780000000000000000e+02,6.859771627374370295e-01
7.260000000000000000e+02,7.544300000000000000e+04,6.100000000000000000e+01,6.857679710831705577e-01
7.270000000000000000e+02,7.569300000000000000e+04,2.500000000000000000e+02,6.849112945120208185e-01
7.280000000000000000e+02,7.570400000000000000e+04,1.100000000000000000e+01,6.848736253325612422e-01
7.290000000000000000e+02,7.573000000000000000e+04,2.600000000000000000e+01,6.847845973256428964e-01
7.300000000000000000e+02,7.598000000000000000e+04,2.500000000000000000e+02,6.839291492068184652e-01
7.310000000000000000e+02,7.602200000000000000e+04,4.200000000000000000e+01,6.837855388060778417e-01
7.320000000000000000e+02,7.617500000000000000e+04,1.530000000000000000e+02,6.832626415953279020e-01
7.330000000000000000e+02,7.620400000000000000e+04,2.900000000000000000e+01,6.831635754470998245e-01
7.340000000000000000e+02,7.635000000000000000e+04,1.460000000000000000e+02,6.826650467758019758e-01
7.350000000000000000e+02,7.644900000000000000e+04,9.900000000000000000e+01,6.823272103544665290e-01
7.360000000000000000e+02,7.647600000000000000e+04,2.700000000000000000e+01,6.822351021682399042e-01
7.370000000000000000e+02,7.653500000000000000e+04,5.900000000000000000e+01,6.820338719929330829e-01
7.380000000000000000e+02,7.668000000000000000e+04,1.450000000000000000e+02,6.815395754041576604e-01
7.390000000000000000e+02,7.673200000000000000e+04,5.200000000000000000e+01,6.813623977057061687e-01
7.400000000000000000e+02,7.674000000000000000e+04,8.000000000000000000e+00,6.813351436867467470e-01
7.410000000000000000e+02,7.674800000000000000e+04,8.000000000000000000e+00,6.813078907579289689e-01
7.420000000000000000e+02,7.686100000000000000e+04,1.130000000000000000e+02,6.809230595626187821e-01
7.430000000000000000e+02,7.691900000000000000e+04,5.800000000000000000e+01,6.807256200118639855e-01
7.440000000000000000e+02,7.701000000000000000e+04,9.100000000000000000e+01,6.804159595337062605e-01
7.450000000000000000e+02,7.701900000000000000e+04,9.000000000000000000e+00,6.803853414278943079e-01
7.460000000000000000e+02,7.713100000000000000e+04,1.120000000000000000e+02,6.800044313491930836e-01
7.470000000000000000e+02,7.715200000000000000e+04,2.100000000000000000e+01,6.799330344538111470e-01
7.480000000000000000e+02,7.735100000000000000e+04,1.990000000000000000e+02,6.792568358586164035e-01
7.490000000000000000e+02,7.738800000000000000e+04,3.700000000000000000e+01,6.791311846529485274e-01
7.500000000000000000e+02,7.743000000000000000e+04,4.200000000000000000e+01,6.789885817214945662e-01
7.510000000000000000e+02,7.748100000000000000e+04,5.100000000000000000e+01,6.788154612741482685e-01
7.520000000000000000e+02,7.766100000000000000e+04,1.800000000000000000e+02,6.782048006708362164e-01
7.530000000000000000e+02,7.790600000000000000e+04,2.450000000000000000e+02,6.773745063733590532e-01
7.540000000000000000e+02,7.793700000000000000e+04,3.100000000000000000e+01,6.772695211989684383e-01
7.550000000000000000e+02,7.795000000000000000e+04,1.300000000000000000e+01,6.772255000007416648e-01
7.560000000000000000e+02,7.796400000000000000e+04,1.400000000000000000e+01,6.771780957563984238e-01
7.570000000000000000e+02,7.801300000000000000e+04,4.900000000000000000e+01,6.770122070304138706e-01
7.580000000000000000e+02,7.826300000000000000e+04,2.500000000000000000e+02,6.761664683540676846e-01
7.590000000000000000e+02,7.839500000000000000e+04,1.320000000000000000e+02,6.757203446066717412e-01
7.600000000000000000e+02,7.847700000000000000e+04,8.200000000000000000e+01,6.754433553595838857e-01
7.610000000000000000e+02,7.854800000000000000e+04,7.100000000000000000e+01,6.752036149255229436e-01
7.620000000000000000e+02,7.856300000000000000e+04,1.500000000000000000e+01,6.751529764267742983e-01
7.630000000000000000e+02,7.859000000000000000e+04,2.700000000000000000e+01,6.750618366991762986e-01
7.640000000000000000e+02,7.870500000000000000e+04,1.150000000000000000e+02,6.746737867479984940e-01
7.650000000000000000e+02,7.873200000000000000e+04,2.700000000000000000e+01,6.745827117068027290e-01
7.660000000000000000e+02,7.874900000000000000e+04,1.700000000000000000e+01,6.745253744698310738e-01
7.670000000000000000e+02,7.880300000000000000e+04,5.400000000000000000e+01,6.743432767477771650e-01
7.680000000000000000e+02,7.905300000000000000e+04,2.500000000000000000e+02,6.735008721583808367e-01
7.690000000000000000e+02,7.906400000000000000e+04,1.100000000000000000e+01,6.734638305364616384e-01
7.700000000000000000e+02,7.931400000000000000e+04,2.500000000000000000e+02,6.726225245707937450e-01
7.710000000000000000e+02,7.937900000000000000e+04,6.500000000000000000e+01,6.724039572230060546e-01
7.720000000000000000e+02,7.949000000000000000e+04,1.110000000000000000e+02,6.720308756337577405e-01
7.730000000000000000e+02,7.950800000000000000e+04,1.800000000000000000e+01,6.719703954253999356e-01
7.740000000000000000e+02,7.951100000000000000e+04,3.000000000000000000e+00,6.719603159198661579e-01
7.750000000000000000e+02,7.956100000000000000e+04,5.000000000000000000e+01,6.717923464180233228e-01
7.760000000000000000e+02,7.959600000000000000e+04,3.500000000000000000e+01,6.716747927497608295e-01
7.770000000000000000e+02,7.967500000000000000e+04,7.900000000000000000e+01,6.714095329357353537e-01
7.780000000000000000e+02,7.969900000000000000e+04,2.400000000000000000e+01,6.713289684243380906e-01
7.790000000000000000e+02,7.987300000000000000e+04,1.740000000000000000e+02,6.707451647537147066e-01
7.800000000000000000e+02,8.012300000000000000e+04,2.500000000000000000e+02,6.699072550056868192e-01
7.810000000000000000e+02,8.020000000000000000e+04,7.700000000000000000e+01,6.696493897100986858e-01
7.820000000000000000e+02,8.045000000000000000e+04,2.500000000000000000e+02,6.688128488285777218e-01
7.830000000000000000e+02,8.063200000000000000e+04,1.820000000000000000e+02,6.682045044539490775e-01
7.840000000000000000e+02,8.083000000000000000e+04,1.980000000000000000e+02,6.675433076879445649e-01
7.850000000000000000e+02,8.084000000000000000e+04,1.000000000000000000e+01,6.675099312735360835e-01
7.860000000000000000e+02,8.095500000000000000e+04,1.150000000000000000e+02,6.671262224306425681e-01
7.870000000000000000e+02,8.113800000000000000e+04,1.830000000000000000e+02,6.665160795946731831e-01
7.880000000000000000e+02,8.115800000000000000e+04,2.000000000000000000e+01,6.664494311525697157e-01
7.890000000000000000e+02,8.140800000000000000e+04,2.500000000000000000e+02,6.656168877303065834e-01
7.900000000000000000e+02,8.165800000000000000e+04,2.500000000000000000e+02,6.647853843397656393e-01
7.910000000000000000e+02,8.190800000000000000e+04,2.500000000000000000e+02,6.639549196817174925e-01
7.920000000000000000e+02,8.192000000000000000e+04,1.200000000000000000e+01,6.639150834820435332e-01
7.930000000000000000e+02,8.201200000000000000e+04,9.200000000000000000e+01,6.636097520119327298e-01
7.940000000000000000e+02,8.203700000000000000e+04,2.500000000000000000e+01,6.635268057698132660e-01
7.950000000000000000e+02,8.208000000000000000e+04,4.300000000000000000e+01,6.633841624846661400e-01
7.960000000000000000e+02,8.209800000000000000e+04,1.800000000000000000e+01,6.633244604474189954e-01
7.970000000000000000e+02,8.211300000000000000e+04,1.500000000000000000e+01,6.632747128540740222e-01
7.980000000000000000e+02,8.216800000000000000e+04,5.500000000000000000e+01,6.630923369299367431e-01
7.990000000000000000e+02,8.220900000000000000e+04,4.100000000000000000e+01,6.629564165933745645e-01
8.000000000000000000e+02,8.245900000000000000e+04,2.500000000000000000e+02,6.621282367224324839e-01
8.010000000000000000e+02,8.255400000000000000e+04,9.500000000000000000e+01,6.618137997085969948e-01
8.020000000000000000e+02,8.258100000000000000e+04,2.700000000000000000e+01,6.617244606528098760e-01
8.030000000000000000e+02,8.258200000000000000e+04,1.000000000000000000e+00,6.617211520305066319e-01
8.040000000000000000e+02,8.258700000000000000e+04,5.000000000000000000e+00,6.617046091671353603e-01
8.050000000000000000e+02,8.274200000000000000e+04,1.550000000000000000e+02,6.611919854808033792e-01
8.060000000000000000e+02,8.281500000000000000e+04,7.300000000000000000e+01,6.609506938412752497e-01
8.070000000000000000e+02,8.287000000000000000e+04,5.500000000000000000e+01,6.607689569360947202e-01
8.080000000000000000e+02,8.303200000000000000e+04,1.620000000000000000e+02,6.602339494507362128e-01
8.090000000000000000e+02,8.328200000000000000e+04,2.500000000000000000e+02,6.594091705461765374e-01
8.100000000000000000e+02,8.353200000000000000e+04,2.500000000000000000e+02,6.585854219737319326e-01
8.110000000000000000e+02,8.355200000000000000e+04,2.000000000000000000e+01,6.585195665597208814e-01
8.120000000000000000e+02,8.376400000000000000e+04,2.120000000000000000e+02,6.578219039015383851e-01
8.130000000000000000e+02,8.392400000000000000e+04,1.600000000000000000e+02,6.572958555107042411e-01
8.140000000000000000e+02,8.417400000000000000e+04,2.500000000000000000e+02,6.564747469383108713e-01
8.150000000000000000e+02,8.442400000000000000e+04,2.500000000000000000e+02,6.556546641129709085e-01
8.160000000000000000e+02,8.467400000000000000e+04,2.500000000000000000e+02,6.548356057533002428e-01
8.170000000000000000e+02,8.468200000000000000e+04,8.000000000000000000e+00,6.548094127874501957e-01
8.180000000000000000e+02,8.469500000000000000e+04,1.300000000000000000e+01,6.547668514524738193e-01
8.190000000000000000e+02,8.491400000000000000e+04,2.190000000000000000e+02,6.540502723573335953e-01
8.200000000000000000e+02,8.493000000000000000e+04,1.600000000000000000e+01,6.539979502976496217e-01
8.210000000000000000e+02,8.518000000000000000e+04,2.500000000000000000e+02,6.531809615416503956e-01
8.220000000000000000e+02,8.541000000000000000e+04,2.300000000000000000e+02,6.524302333105197471e-01
8.230000000000000000e+02,8.566000000000000000e+04,2.500000000000000000e+02,6.516152029813788715e-01
8.240000000000000000e+02,8.568500000000000000e+04,2.500000000000000000e+01,6.515337559679322821e-01
8.250000000000000000e+02,8.579400000000000000e+04,1.090000000000000000e+02,6.511787659270246165e-01
8.260000000000000000e+02,8.579700000000000000e+04,3.000000000000000000e+00,6.511689982943739130e-01
8.270000000000000000e+02,8.596400000000000000e+04,1.670000000000000000e+02,6.506254977650917093e-01
8.280000000000000000e+02,8.600400000000000000e+04,4.000000000000000000e+01,6.504953853519316320e-01
8.290000000000000000e+02,8.609900000000000000e+04,9.500000000000000000e+01,6.501864726441813902e-01
8.300000000000000000e+02,8.619200000000000000e+04,9.300000000000000000e+01,6.498842054612976593e-01
8.310000000000000000e+02,8.638100000000000000e+04,1.890000000000000000e+02,6.492703534432624490e-01
8.320000000000000000e+02,8.643300000000000000e+04,5.200000000000000000e+01,6.491015646728850452e-01
8.330000000000000000e+02,8.649600000000000000e+04,6.300000000000000000e+01,6.488971293691739861e-01
8.340000000000000000e+02,8.668100000000000000e+04,1.850000000000000000e+02,6.482971755460388286e-01
8.350000000000000000e+02,8.672500000000000000e+04,4.400000000000000000e+01,6.481545654985726435e-01
8.360000000000000000e+02,8.677300000000000000e+04,4.800000000000000000e+01,6.479990266794094511e-01
8.370000000000000000e+02,8.690100000000000000e+04,1.280000000000000000e+02,6.475844389480868157e-01
8.380000000000000000e+02,8.696800000000000000e+04,6.700000000000000000e+01,6.473675339523898842e-01
8.390000000000000000e+02,8.721800000000000000e+04,2.500000000000000000e+02,6.465588280596605841e-01
8.400000000000000000e+02,8.721900000000000000e+04,1.000000000000000000e+00,6.465555952655203109e-01
8.410000000000000000e+02,8.737400000000000000e+04,1.550000000000000000e+02,6.460547075460281174e-01
8.420000000000000000e+02,8.762400000000000000e+04,2.500000000000000000e+02,6.452476416651860003e-01
8.430000000000000000e+02,8.764000000000000000e+04,1.600000000000000000e+01,6.451960237895503214e-01
8.440000000000000000e+02,8.789000000000000000e+04,2.500000000000000000e+02,6.443900305955169161e-01
8.450000000000000000e+02,8.796200000000000000e+04,7.200000000000000000e+01,6.441580913562207078e-01
8.460000000000000000e+02,8.821200000000000000e+04,2.500000000000000000e+02,6.433533947704213052e-01
8.470000000000000000e+02,8.837700000000000000e+04,1.650000000000000000e+02,6.428228457749116664e-01
8.480000000000000000e+02,8.838700000000000000e+04,1.000000000000000000e+01,6.427907053557887496e-01
8.490000000000000000e+02,8.863700000000000000e+04,2.500000000000000000e+02,6.419877169389318627e-01
8.500000000000000000e+02,8.865700000000000000e+04,2.000000000000000000e+01,6.419235212165878002e-01
8.510000000000000000e+02,8.867500000000000000e+04,1.800000000000000000e+01,6.418657505549698605e-01
8.520000000000000000e+02,8.868500000000000000e+04,1.000000000000000000e+01,6.418336579895314031e-01
8.530000000000000000e+02,8.869400000000000000e+04,9.000000000000000000e+00,6.418047760525651402e-01
8.540000000000000000e+02,8.877300000000000000e+04,7.900000000000000000e+01,6.415513125946922246e-01
8.550000000000000000e+02,8.887700000000000000e+04,1.040000000000000000e+02,6.412177918012599287e-01
8.560000000000000000e+02,8.912700000000000000e+04,2.500000000000000000e+02,6.404167683029297065e-01
8.570000000000000000e+02,8.927300000000000000e+04,1.460000000000000000e+02,6.399494334916869809e-01
8.580000000000000000e+02,8.929900000000000000e+04,2.600000000000000000e+01,6.398662452647139176e-01
8.590000000000000000e+02,8.930000000000000000e+04,1.000000000000000000e+00,6.398630459334875287e-01
8.600000000000000000e+02,8.950200000000000000e+04,2.020000000000000000e+02,6.392171088953615410e-01
8.610000000000000000e+02,8.964300000000000000e+04,1.410000000000000000e+02,6.387666185238750627e-01
8.620000000000000000e+02,8.989300000000000000e+04,2.500000000000000000e+02,6.379686570856100136e-01
8.630000000000000000e+02,9.010900000000000000e+04,2.160000000000000000e+02,6.372800211447059437e-01
8.640000000000000000e+02,9.015100000000000000e+04,4.200000000000000000e+01,6.371462060568028329e-01
8.650000000000000000e+02,9.022500000000000000e+04,7.400000000000000000e+01,6.369105049786955020e-01
8.660000000000000000e+02,9.026200000000000000e+04,3.700000000000000000e+01,6.367926871392153299e-01
8.670000000000000000e+02,9.051200000000000000e+04,2.500000000000000000e+02,6.359971915798513509e-01
8.680000000000000000e+02,9.063600000000000000e+04,1.240000000000000000e+02,6.356029945492832622e-01
8.690000000000000000e+02,9.067800000000000000e+04,4.200000000000000000e+01,6.354695316008693862e-01
8.700000000000000000e+02,9.068200000000000000e+04,4.000000000000000000e+00,6.354568223055574450e-01
8.710000000000000000e+02,9.080200000000000000e+04,1.200000000000000000e+02,6.350756616189103809e-01
8.720000000000000000e+02,9.081700000000000000e+04,1.500000000000000000e+01,6.350280326113262319e-01
8.730000000000000000e+02,9.085800000000000000e+04,4.100000000000000000e+01,6.348978648818687232e-01
8.740000000000000000e+02,9.109000000000000000e+04,2.320000000000000000e+02,6.341618085136893068e-01
8.750000000000000000e+02,9.134000000000000000e+04,2.500000000000000000e+02,6.333695995063000073e-01
8.760000000000000000e+02,9.147300000000000000e+04,1.330000000000000000e+02,6.329485476852425574e-01
8.770000000000000000e+02,9.150900000000000000e+04,3.600000000000000000e+01,6.328346269150331160e-01
8.780000000000000000e+02,9.175900000000000000e+04,2.500000000000000000e+02,6.320440758523566682e-01
8.790000000000000000e+02,9.186700000000000000e+04,1.080000000000000000e+02,6.317028633340339150e-01
8.800000000000000000e+02,9.195400000000000000e+04,8.700000000000000000e+01,6.314281316601234595e-01
8.810000000000000000e+02,9.208500000000000000e+04,1.310000000000000000e+02,6.310146806202516778e-01
8.820000000000000000e+02,9.233500000000000000e+04,2.500000000000000000e+02,6.302264030748825352e-01
8.830000000000000000e+02,9.246700000000000000e+04,1.320000000000000000e+02,6.298105898427773797e-01
8.840000000000000000e+02,9.255700000000000000e+04,9.000000000000000000e+01,6.295272381278839147e-01
8.850000000000000000e+02,9.277900000000000000e+04,2.220000000000000000e+02,6.288288488253527264e-01
8.860000000000000000e+02,9.279000000000000000e+04,1.100000000000000000e+01,6.287942641032938651e-01
8.870000000000000000e+02,9.282400000000000000e+04,3.400000000000000000e+01,6.286873778967649873e-01
8.880000000000000000e+02,9.287900000000000000e+04,5.500000000000000000e+01,6.285145122057997913e-01
8.890000000000000000e+02,9.293900000000000000e+04,6.000000000000000000e+01,6.283259856612153360e-01
8.900000000000000000e+02,9.295000000000000000e+04,1.100000000000000000e+01,6.282914285959388945e-01
8.910000000000000000e+02,9.297400000000000000e+04,2.400000000000000000e+01,6.282160379595586042e-01
8.920000000000000000e+02,9.320200000000000000e+04,2.280000000000000000e+02,6.275002779476026582e-01
8.930000000000000000e+02,9.320600000000000000e+04,4.000000000000000000e+00,6.274877280361683685e-01
8.940000000000000000e+02,9.322300000000000000e+04,1.700000000000000000e+01,6.274343937126899418e-01
8.950000000000000000e+02,9.333700000000000000e+04,1.140000000000000000e+02,6.270768571220374232e-01
8.960000000000000000e+02,9.349700000000000000e+04,1.600000000000000000e+02,6.265753949942761691e-01
8.970000000000000000e+02,9.374700000000000000e+04,2.500000000000000000e+02,6.257926631030475972e-01
8.980000000000000000e+02,9.399700000000000000e+04,2.500000000000000000e+02,6.250109090178704863e-01
8.990000000000000000e+02,9.408500000000000000e+04,8.800000000000000000e+01,6.247359640228722366e-01
9.000000000000000000e+02,9.415800000000000000e+04,7.300000000000000000e+01,6.245079764362987396e-01
9.010000000000000000e+02,9.435100000000000000e+04,1.930000000000000000e+02,6.239056154190655290e-01
9.020000000000000000e+02,9.460100000000000000e+04,2.500000000000000000e+02,6.231262186757428045e-01
9.030000000000000000e+02,9.465300000000000000e+04,5.200000000000000000e+01,6.229642265137989021e-01
9.040000000000000000e+02,9.467800000000000000e+04,2.500000000000000000e+01,6.228863606575365530e-01
9.050000000000000000e+02,9.471800000000000000e+04,4.000000000000000000e+01,6.227617955309190378e-01
9.060000000000000000e+02,9.496800000000000000e+04,2.500000000000000000e+02,6.219838276727889248e-01
9.070000000000000000e+02,9.509200000000000000e+04,1.240000000000000000e+02,6.215983162567381148e-01
9.080000000000000000e+02,9.528300000000000000e+04,1.910000000000000000e+02,6.210049717484452669e-01
9.090000000000000000e+02,9.543800000000000000e+04,1.550000000000000000e+02,6.205238781404551762e-01
9.100000000000000000e+02,9.568800000000000000e+04,2.500000000000000000e+02,6.197487059384031438e-01
9.110000000000000000e+02,9.585000000000000000e+04,1.620000000000000000e+02,6.192469114862911850e-01
9.120000000000000000e+02,9.587300000000000000e+04,2.300000000000000000e+01,6.191757020080694840e-01
9.130000000000000000e+02,9.589900000000000000e+04,2.600000000000000000e+01,6.190952141974092049e-01
9.140000000000000000e+02,9.614900000000000000e+04,2.500000000000000000e+02,6.183218267140647706e-01
9.150000000000000000e+02,9.637800000000000000e+04,2.290000000000000000e+02,6.176142516175802122e-01
9.160000000000000000e+02,9.662800000000000000e+04,2.500000000000000000e+02,6.168427141855636897e-01
9.170000000000000000e+02,9.687800000000000000e+04,2.500000000000000000e+02,6.160721405752325186e-01
9.180000000000000000e+02,9.692400000000000000e+04,4.600000000000000000e+01,6.159304599225969845e-01
9.190000000000000000e+02,9.717400000000000000e+04,2.500000000000000000e+02,6.151610259205414488e-01
9.200000000000000000e+02,9.717800000000000000e+04,4.000000000000000000e+00,6.151487227922968204e-01
9.210000000000000000e+02,9.729400000000000000e+04,1.160000000000000000e+02,6.147920390896375320e-01
9.220000000000000000e+02,9.754400000000000000e+04,2.500000000000000000e+02,6.140240272281543010e-01
9.230000000000000000e+02,9.758500000000000000e+04,4.100000000000000000e+01,6.138981648892464227e-01
9.240000000000000000e+02,9.777800000000000000e+04,1.930000000000000000e+02,6.133060374272562010e-01
9.250000000000000000e+02,9.802800000000000000e+04,2.500000000000000000e+02,6.125398819120329019e-01
9.260000000000000000e+02,9.817200000000000000e+04,1.440000000000000000e+02,6.120990108275110586e-01
9.270000000000000000e+02,9.829200000000000000e+04,1.200000000000000000e+02,6.117318606592008212e-01
9.280000000000000000e+02,9.837300000000000000e+04,8.100000000000000000e+01,6.114841587993889993e-01
9.290000000000000000e+02,9.862300000000000000e+04,2.500000000000000000e+02,6.107202792153881843e-01
9.300000000000000000e+02,9.872600000000000000e+04,1.030000000000000000e+02,6.104058384609317711e-01
9.310000000000000000e+02,9.878800000000000000e+04,6.200000000000000000e+01,6.102166415050582771e-01
9.320000000000000000e+02,9.893700000000000000e+04,1.490000000000000000e+02,6.097621982721483924e-01
9.330000000000000000e+02,9.912300000000000000e+04,1.860000000000000000e+02,6.091953816213052653e-01
9.340000000000000000e+02,9.920300000000000000e+04,8.000000000000000000e+01,6.089517515888346333e-01
9.350000000000000000e+02,9.937300000000000000e+04,1.700000000000000000e+02,6.084343612285580960e-01
9.360000000000000000e+02,9.957500000000000000e+04,2.020000000000000000e+02,6.078201512164559395e-01
9.370000000000000000e+02,9.981800000000000000e+04,2.430000000000000000e+02,6.070820963467123965e-01
9.380000000000000000e+02,9.990200000000000000e+04,8.400000000000000000e+01,6.068271747662198345e-01
9.390000000000000000e+02,9.990600000000000000e+04,4.000000000000000000e+00,6.068150383137481674e-01
9.400000000000000000e+02,9.994900000000000000e+04,4.300000000000000000e+01,6.066845867784236290e-01
